0.966667	0.108333	0.229667
0.678	0.679333	0.25
0.819	0.483	0.301333
0.345667	0.606333	0.704333
0.387333	0.918	0.081
0.624333	0.480667	0.604333
0.718	0.38	0.581667
0.270333	0.382333	0.871333
0.501333	0.0813333	0.860333
0.897	0.154	0.401
0.605	0.503667	0.615667
0.528333	0.807667	0.257667
0.388	0.128	0.911
0.456667	0.8	0.363333
0.631333	0.408333	0.657667
0.284333	0.572	0.762667
0.744333	0.552333	0.347667
0.632333	0.534667	0.544
0.510333	0.688667	0.493667
0.37	0.704667	0.594667
0.284667	0.877667	0.384667
0.983667	0.137	0.109667
0.064	0.285	0.950333
0.124	0.305333	0.944
0.683667	0.411333	0.583
0.554333	0.816	0.158333
0.527333	0.246333	0.811667
0.260333	0.783333	0.542667
0.251	0.242333	0.933
0.386	0.743333	0.531667
0.365333	0.422333	0.825
0.684667	0.709	0.167667
0.488667	0.458667	0.731
0.390333	0.796	0.441
0.494667	0.855667	0.141
0.663333	0.718	0.157333
0.701	0.675	0.226333
0.697	0.116667	0.698
0.549	0.753	0.348667
0.809667	0.111333	0.559667
0.784667	0.61	0.0443333
0.625	0.632333	0.453667
0.474667	0.806333	0.341667
0.560333	0.487667	0.661667
0.533333	0.711333	0.445667
0.485333	0.585	0.647
0.185667	0.740667	0.635
0.429	0.6	0.672
0.951333	0.276667	0.127667
0.627333	0.697667	0.342333
0.133667	0.273333	0.947
0.927	0.231667	0.246
0.12	0.972	0.193333
0.243333	0.930333	0.265
0.671	0.575333	0.458
0.785333	0.558333	0.196667
0.268333	0.941667	0.188333
0.092	0.490333	0.862
0.193667	0.673	0.708
0.629	0.701667	0.311
0.793	0.351667	0.490333
0.575	0.313333	0.75
0.215667	0.389333	0.886333
0.854333	0.513667	0.078
0.0946667	0.502667	0.858667
0.679333	0.609333	0.368667
0.716	0.529333	0.452
0.77	0.406667	0.477
0.378333	0.895667	0.203667
0.629667	0.636	0.42
0.520667	0.587333	0.616333
0.195	0.804333	0.561
0.811	0.183333	0.554333
0.0726667	0.138667	0.987667
0.0606667	0.946667	0.310333
0.592667	0.244333	0.759667
0.608	0.585	0.536667
0.485333	0.631333	0.602
0.924333	0.128	0.351
0.582667	0.519333	0.617667
0.617	0.245333	0.734333
0.403	0.809	0.409
0.707	0.198667	0.675333
0.697333	0.346333	0.614667
0.676667	0.698333	0.193333
0.452	0.795	0.375667
0.866333	0.272333	0.413667
0.0993333	0.760667	0.633667
0.659	0.482	0.57
0.365333	0.34	0.863
0.529	0.411667	0.741667
0.357333	0.305333	0.879333
0.759333	0.630333	0.138333
0.791667	0.469333	0.373333
0.474	0.397333	0.775667
0.309667	0.791	0.514
0.275667	0.957	0.0773333
0.035	0.753667	0.643667
0.100333	0.187	0.974667
0.733333	0.569667	0.342
0.974333	0.138	0.152667
0.729667	0.281333	0.618667
0.780667	0.327333	0.524333
0.831667	0.476333	0.277
0.677	0.511333	0.512333
0.276333	0.53	0.801333
0.887667	0.395	0.207667
0.112	0.338333	0.934333
0.735333	0.648333	0.182667
0.755333	0.472667	0.421333
0.280333	0.479333	0.824333
0.0986667	0.406333	0.906667
0.808	0.515667	0.268333
0.894	0.250333	0.353667
0.442667	0.439333	0.778667
0.315333	0.901	0.289333
0.198333	0.889667	0.409
0.295333	0.0836667	0.947667
0.610667	0.78	0.0913333
0.712667	0.402	0.569667
0.208333	0.245	0.946333
0.111667	0.635	0.76
0.248667	0.911333	0.328
0.643333	0.280333	0.71
0.553	0.252667	0.788333
0.394667	0.864667	0.302667
0.252667	0.414667	0.872333
0.556333	0.265333	0.787
0.363333	0.875	0.276
0.965	0.214333	0.145
0.621	0.641667	0.436
0.443	0.277667	0.851667
0.340333	0.935333	0.0766667
0.254667	0.711333	0.639
0.176333	0.863667	0.465667
0.584667	0.783667	0.176
0.671667	0.083	0.732333
0.639667	0.403	0.635667
0.101333	0.609	0.786667
0.957667	0.198667	0.195333
0.376	0.828667	0.403333
0.452667	0.338333	0.821
0.481	0.781333	0.379
0.255333	0.0346667	0.965667
0.329	0.38	0.856
0.759333	0.601	0.227
0.547333	0.616	0.545
0.342667	0.899333	0.255667
0.744667	0.601	0.234667
0.0656667	0.153667	0.982333
0.342333	0.920333	0.126667
0.366	0.716	0.586333
0.613667	0.351667	0.704667
0.383667	0.871667	0.289333
0.185667	0.498	0.847
0.780333	0.297333	0.545333
0.832333	0.163	0.495
0.205333	0.199	0.955667
0.201667	0.423	0.880667
0.177	0.855	0.468333
0.049	0.997	0.01
0.531	0.826333	0.152
0.143	0.976333	0.158333
0.480667	0.513667	0.692333
0.579667	0.0846667	0.808667
0.951	0.117	0.284
0.798	0.588667	0.0923333
0.777667	0.624333	0.0703333
0.821667	0.31	0.463333
0.966333	0.151	0.202667
0.914	0.341333	0.162667
0.946	0.0156667	0.323333
0.783333	0.169667	0.595333
0.420667	0.717	0.543
0.424	0.885667	0.175333
0.453667	0.561667	0.680333
0.203333	0.272	0.938
0.633333	0.264	0.726333
0.762667	0.149	0.628
0.433333	0.529667	0.726333
0.0926667	0.963667	0.243333
0.0253333	0.38	0.921
0.185667	0.876667	0.442
0.714	0.537333	0.425333
0.303	0.598	0.741333
0.751333	0.285	0.577
0.142333	0.981667	0.121
0.788333	0.448667	0.412667
0.296	0.892333	0.339667
0.660333	0.301333	0.684667
0.461667	0.171667	0.869667
0.164333	0.470667	0.864333
0.519667	0.611	0.582333
0.336667	0.234	0.898333
0.157333	0.098	0.982
0.687667	0.625333	0.346667
0.723667	0.634	0.254667
0.259333	0.917	0.291667
0.495	0.681	0.538667
0.739333	0.654	0.116
0.918667	0.366667	0.083
0.476	0.618333	0.619
0.852667	0.456	0.253
0.450333	0.313667	0.831333
0.729667	0.667333	0.0833333
0.870333	0.131333	0.458333
0.894	0.113	0.43
0.853333	0.239	0.458
0.477	0.388667	0.784667
0.688667	0.309	0.639333
0.695333	0.477	0.519333
0.616667	0.778	0.104
0.641	0.758333	0.105667
0.524667	0.0986667	0.84
0.732333	0.594667	0.323
0.621	0.448	0.636
0.184333	0.228667	0.953333
0.0446667	0.925333	0.372333
0.359667	0.514333	0.768333
0.826667	0.346333	0.413333
0.225333	0.251667	0.934333
0.126333	0.675667	0.71
0.730667	0.561667	0.387
0.101333	0.390667	0.909667
0.0773333	0.221667	0.971667
0.894	0.442667	0.068
0.834667	0.081	0.539333
0.681333	0.301333	0.656667
0.432	0.893	0.115333
0.0993333	0.689667	0.714667
0.0993333	0.776667	0.613333
0.277333	0.678	0.674333
0.896333	0.233333	0.332333
0.475333	0.0703333	0.869
0.427667	0.0123333	0.903667
0.191	0.941333	0.237333
0.679	0.663333	0.295
0.368333	0.496333	0.779
0.969667	0.216667	0.0486667
0.562667	0.679	0.455667
0.903667	0.297333	0.299333
0.942	0.324333	0.064
0.806667	0.550333	0.173333
0.454333	0.751	0.476667
0.237333	0.744667	0.619333
0.926333	0.235333	0.28
0.477	0.295333	0.827333
0.290667	0.517	0.782667
0.926667	0.346333	0.122333
0.388	0.853333	0.344
0.754	0.458667	0.459667
0.600333	0.762667	0.188667
0.209	0.369667	0.903
0.819667	0.367	0.427333
0.668	0.63	0.377
0.199667	0.578667	0.785333
0.457	0.355667	0.811333
0.756	0.356667	0.544
0.493333	0.349667	0.79
0.231	0.814667	0.529667
0.869333	0.345667	0.328333
0.729667	0.133	0.662667
0.131667	0.941333	0.31
0.704667	0.643333	0.298333
0.672333	0.248667	0.685667
0.392	0.297333	0.850333
0.969667	0.111	0.181
0.223667	0.543667	0.807
0.882	0.383333	0.273667
0.237	0.953	0.1
0.795333	0.525667	0.300333
0.889	0.427333	0.159333
0.436333	0.433333	0.786667
0.0716667	0.878667	0.469
0.624667	0.716	0.279
0.333667	0.785333	0.496
0.490333	0.835667	0.225
0.695333	0.683667	0.213
0.442	0.114333	0.887
0.566	0.706667	0.402333
0.725667	0.680333	0.0886667
0.706	0.406667	0.579333
0.337	0.823333	0.451
0.480333	0.692	0.518667
0.329	0.229667	0.907
0.654333	0.427	0.616667
0.0796667	0.885	0.457
0.503667	0.212333	0.831
0.138333	0.773	0.603667
0.349333	0.487333	0.791
0.647333	0.513	0.557333
0.333333	0.908667	0.228333
0.602333	0.234667	0.762667
0.530667	0.04	0.84
0.345333	0.281	0.894667
0.280333	0.389	0.867333
0.699333	0.639	0.315667
0.479	0.873333	0.087
0.158	0.231333	0.958
0.836667	0.269333	0.472
0.251333	0.357333	0.897
0.052	0.882	0.458
0.792333	0.216333	0.566333
0.510333	0.764	0.394333
0.404667	0.633667	0.656333
0.464667	0.452	0.752667
0.797	0.263333	0.539333
0.842667	0.443667	0.303333
0.0936667	0.345	0.933333
0.431667	0.350667	0.830667
0.533333	0.779333	0.317667
0.233667	0.919333	0.314
0.208333	0.582333	0.782667
0.298667	0.936	0.181667
0.991667	0.065	0.103
0.58	0.246667	0.769
0.286333	0.363667	0.874333
0.611333	0.481667	0.625667
0.581	0.681	0.414
0.503333	0.723333	0.468667
0.362667	0.825333	0.408667
0.933	0.269333	0.237667
0.0623333	0.652	0.753
0.262333	0.868333	0.414
0.761	0.0693333	0.643667
0.345333	0.781667	0.476333
0.402	0.384	0.822333
0.363	0.922667	0.104667
0.306667	0.187333	0.932333
0.217	0.623333	0.744
0.924667	0.328	0.184333
0.548667	0.58	0.598667
0.316333	0.822667	0.463
0.0636667	0.210333	0.975333
0.314	0.109667	0.942333
0.453333	0.849667	0.261333
0.365	0.918	0.133333
0.401667	0.593333	0.684
0.703	0.311333	0.635667
0.676333	0.138	0.716
0.415333	0.841667	0.337667
0.266667	0.179333	0.944667
0.541	0.377667	0.737667
0.447667	0.885333	0.0866667
0.163667	0.717667	0.668667
0.0576667	0.91	0.388667
0.512333	0.462333	0.715333
0.899333	0.348333	0.206333
0.765667	0.557667	0.297333
0.571333	0.222	0.786667
0.401	0.914	0.0276667
0.0716667	0.828667	0.551333
0.0623333	0.287667	0.955
0.177333	0.947333	0.258
0.693667	0.389	0.592333
0.088	0.836	0.536
0.271333	0.912	0.303333
0.655	0.315667	0.677333
0.964333	0.0706667	0.250333
0.226	0.947333	0.211
0.0546667	0.800333	0.596667
0.428	0.541333	0.715
0.411	0.814	0.395667
0.786	0.510667	0.340667
0.768	0.442	0.441667
0.878	0.289667	0.381
0.230667	0.480667	0.840333
0.505333	0.776	0.357
0.755333	0.585667	0.260333
0.166333	0.950667	0.238667
0.509667	0.266	0.802667
0.482667	0.56	0.659667
0.770667	0.627667	0.027
0.809667	0.421333	0.397667
0.675333	0.168333	0.714333
0.826667	0.477667	0.267333
0.324	0.675667	0.642
0.353667	0.927	0.111
0.845	0.136333	0.515333
0.540667	0.690667	0.465667
0.736667	0.664	0.0323333
0.462667	0.873667	0.123333
0.782333	0.532667	0.315667
0.679333	0.504333	0.524667
0.98	0.189667	0.011
0.885667	0.0663333	0.448333
0.686333	0.0216667	0.716333
0.0336667	0.911333	0.396333
0.075	0.556	0.82
0.226333	0.923333	0.289333
0.749667	0.513667	0.394
0.583333	0.801667	0.113667
0.407	0.342667	0.841667
0.368667	0.398	0.825667
0.477667	0.730667	0.464
0.475667	0.839333	0.199667
0.236333	0.708667	0.654667
0.620667	0.363333	0.692333
0.403	0.615333	0.677
0.120333	0.967333	0.202667
0.458667	0.51	0.723
0.307	0.731	0.606
0.542	0.651333	0.531
0.282	0.423667	0.846333
0.789	0.518333	0.304667
0.265333	0.841667	0.467333
0.241333	0.531667	0.810667
0.575	0.699667	0.423667
0.813333	0.533667	0.191667
0.318	0.559	0.750667
0.315333	0.860667	0.392
0.871667	0.0423333	0.477333
0.306	0.572	0.751667
0.492	0.640333	0.563667
0.314	0.761667	0.562333
0.56	0.742333	0.364333
0.624667	0.562333	0.538
0.604	0.167	0.777333
0.688333	0.661333	0.263333
0.0656667	0.434667	0.896333
0.831	0.537333	0.134667
0.253333	0.558333	0.779667
0.884	0.314333	0.343
0.375333	0.815667	0.433333
0.695	0.631333	0.317667
0.842	0.48	0.229333
0.599	0.719667	0.346333
0.184	0.389333	0.899667
0.102667	0.551	0.824667
0.656333	0.267	0.687
0.775333	0.459	0.426667
0.539333	0.313	0.767333
0.536667	0.45	0.702667
0.895	0.324	0.285
0.151333	0.751333	0.64
0.26	0.634	0.720667
0.691	0.661667	0.252
0.876333	0.421	0.227667
0.343333	0.071	0.934333
0.875333	0.338667	0.339333
0.437333	0.64	0.622333
0.336667	0.837667	0.426667
0.518667	0.837333	0.165333
0.079	0.295333	0.947333
0.231333	0.401667	0.881667
0.389667	0.521333	0.759
0.025	0.97	0.228667
0.405	0.503333	0.762333
0.524667	0.727	0.429667
0.473333	0.674667	0.565
0.209667	0.328333	0.919333
0.222667	0.965667	0.0916667
0.113	0.627	0.756
0.772	0.599	0.206667
0.823333	0.409333	0.385333
0.0723333	0.241333	0.967333
0.170333	0.448333	0.868333
0.416	0.504	0.737
0.485	0.188333	0.852667
0.846	0.189333	0.477
0.247667	0.597667	0.751
0.395333	0.282333	0.865667
0.0776667	0.993333	0.0396667
0.566	0.331667	0.753333
0.116667	0.927333	0.347667
0.675333	0.731333	0.0706667
0.873333	0.17	0.451667
0.518333	0.454333	0.723333
0.536333	0.0213333	0.841333
0.842333	0.532667	0.0406667
0.808	0.583333	0.0403333
0.248	0.606	0.744667
0.892	0.209	0.397667
0.150333	0.687	0.693333
0.557667	0.691	0.445
0.415667	0.733333	0.523
0.796	0.395667	0.414
0.479	0.701667	0.517
0.890667	0.375667	0.239
0.121667	0.0366667	0.989333
0.125	0.765667	0.617667
0.297667	0.461667	0.824
0.614333	0.727333	0.266667
0.758333	0.555333	0.333
0.414	0.456	0.774333
0.288333	0.762667	0.568333
0.893667	0.397	0.182333
0.136667	0.666	0.731333
0.307	0.904667	0.274333
0.753	0.657333	0.0263333
0.905	0.121667	0.398333
0.258	0.107	0.958667
0.498667	0.595	0.621667
0.606667	0.165667	0.776
0.342333	0.615	0.696
0.582333	0.091	0.804667
0.681667	0.713	0.077
0.703333	0.223	0.669
0.586333	0.166667	0.783667
0.281	0.858333	0.426667
0.129333	0.462667	0.871333
0.785667	0.341	0.515667
0.677	0.695667	0.236
0.264667	0.919667	0.239333
0.0196667	0.992667	0.114667
0.751333	0.186333	0.618333
0.400667	0.723667	0.556
0.867	0.48	0.115333
0.249333	0.833	0.493
0.573667	0.753	0.315
0.0926667	0.961	0.253667
0.315333	0.768333	0.533
0.847	0.366333	0.359333
0.478333	0.496667	0.721333
0.062	0.252	0.964333
0.766	0.620333	0.136667
0.721667	0.054	0.686
0.633333	0.657	0.406
0.0923333	0.264667	0.956333
0.369667	0.639667	0.663333
0.007	0.968333	0.242
0.706	0.253333	0.647333
0.558	0.745333	0.353667
0.0773333	0.620667	0.775
0.338	0.906	0.227333
0.215667	0.476	0.852333
0.565333	0.648	0.495667
0.925	0.034	0.377
0.21	0.972	0.092
0.546333	0.392	0.719333
0.934	0.299	0.119333
0.496333	0.195667	0.838
0.537667	0.464	0.692667
0.111667	0.455667	0.878667
0.432	0.156	0.880333
0.317	0.882333	0.345
0.759	0.64	0.0606667
0.724333	0.581333	0.341667
0.0683333	0.780333	0.602333
0.590333	0.731667	0.335333
0.299667	0.295333	0.902
0.919333	0.390667	0
0.721333	0.618	0.290333
0.91	0.148	0.377333
0.642667	0.384	0.656333
0.727	0.677	0.0996667
0.470333	0.851333	0.144667
0.181667	0.439333	0.873667
0.582	0.278667	0.755667
0.636	0.745333	0.137667
0.972333	0.164667	0.142
0.606	0.441667	0.660333
0.086	0.724	0.677333
0.293333	0.948	0.112667
0.254667	0.951667	0.112333
0.281667	0.813333	0.504667
0.464333	0.722333	0.508667
0.47	0.573333	0.666667
0.202667	0.647333	0.725667
0.39	0.529	0.736333
0.937	0.326	0.0586667
0.526667	0.825333	0.171333
0.746333	0.53	0.371
0.845	0.482	0.190667
0.547667	0.432	0.704333
0.323	0.405	0.85
0.386333	0.706667	0.572333
0.256667	0.950667	0.130667
0.347	0.928667	0.045
0.337	0.124	0.924333
0.736333	0.624	0.188333
0.325667	0.539333	0.770333
0.591	0.802667	0.076
0.772	0.545333	0.271
0.0193333	0.749667	0.661333
0.459667	0.406333	0.769
0.665333	0.593667	0.45
0.465667	0.276667	0.832
0.08	0.774667	0.623333
0.901667	0.406333	0.139333
0.257667	0.583	0.767
0.784667	0.424	0.445333
0.421	0.845333	0.275667
0.278	0.341333	0.886667
0.972667	0.204333	0.024
0.750333	0.588667	0.229
0.809667	0.541667	0.202333
0.685	0.702667	0.134
0.433667	0.672333	0.574
0.987667	0.111667	0.102667
0.906667	0.417667	0.0546667
0.264333	0.78	0.559333
0.872667	0.295	0.385333
0.39	0.514	0.751333
0.166667	0.303667	0.937667
0.900333	0.423	0.0863333
0.590333	0.549	0.577
0.421667	0.0856667	0.902333
0.393667	0.617	0.669
0.929	0.323333	0.159
0.372	0.198	0.897
0.628333	0.734667	0.255333
0.823333	0.342	0.437333
0.199333	0.740667	0.631
0.546	0.805333	0.228667
0.135	0.957667	0.244667
0.387333	0.382	0.828333
0.538333	0.282667	0.791667
0.435333	0.779667	0.439667
0.607667	0.610333	0.492333
0.174667	0.323333	0.923333
0.341	0.410667	0.843667
0.398667	0.675333	0.615333
0.164	0.616667	0.755667
0.769667	0.471	0.411
0.954667	0.188333	0.226333
0.336	0.201	0.914667
0.542	0.514667	0.663667
0.568	0.819333	0.018
0.551333	0.178333	0.8
0.664	0.400667	0.629
0.633	0.738333	0.230333
0.382333	0.634333	0.667667
0.535667	0.340667	0.761333
0.595667	0.523333	0.579
0.178333	0.838333	0.514333
0.138	0.213667	0.959
0.581333	0.353	0.728333
0.526	0.796667	0.278
0.260333	0.703333	0.661
0.637333	0.549667	0.521333
0.331	0.458	0.816
0.554333	0.301667	0.773667
0.933	0.168667	0.312333
0.582333	0.806667	0.089
0.151	0.872333	0.450667
0.356	0.912	0.194333
0.0306667	0.968	0.241333
0.619	0.337333	0.708333
0.191	0.847	0.482
0.381333	0.584	0.705
0.645	0.483667	0.581667
0.453	0.632	0.622
0.529667	0.453667	0.714333
0.388333	0.559	0.723333
0.633	0.762333	0.100667
0.474333	0.842667	0.241
0.948	0.032	0.294333
0.629667	0.692667	0.318667
0.271333	0.901667	0.319333
0.915	0.098	0.354333
0.051	0.558667	0.826333
0.654	0.732667	0.186333
0.570667	0.574	0.573667
0.087	0.753333	0.645333
0.004	0.933333	0.334
0.824	0.348333	0.413333
0.577333	0.812	0.049
0.146333	0.549333	0.812
0.406333	0.905667	0.116333
0.347667	0.758	0.527333
0.705	0.683667	0.153
0.362	0.781333	0.502667
0.865333	0.127	0.470333
0.580333	0.753333	0.3
0.754	0.220667	0.603333
0.459	0.854333	0.168333
0.305	0.813333	0.483
0.164	0.785667	0.593667
0.978333	0.151667	0.0893333
0.421667	0.767667	0.481
0.715333	0.502333	0.460667
0.534	0.735333	0.386
0.612667	0.00833333	0.787667
0.289	0.944	0.152333
0.770667	0.556667	0.290333
0.722667	0.356	0.569667
0.544	0.631667	0.550333
0.232	0.192	0.952667
0.558	0.786667	0.25
0.872667	0.22	0.404667
0.847	0.0773333	0.521
0.855333	0.156667	0.470333
0.114667	0.695	0.702333
0.550667	0.52	0.645
0.684	0.654333	0.319
0.754	0.161	0.624667
0.533667	0.405667	0.740333
0.675333	0.599667	0.420667
0.109667	0.993	0.0213333
0.609667	0.774	0.167
0.330667	0.505333	0.795
0.045	0.606333	0.793667
0.638333	0.748667	0.119333
0.796667	0.351	0.474
0.123667	0.890667	0.421333
0.801	0.478667	0.357667
0.949333	0.302333	0.0823333
0.358333	0.110333	0.921
0.438333	0.140333	0.885333
0.141667	0.454	0.876333
0.722333	0.254667	0.635
0.467333	0.25	0.841
0.542667	0.458667	0.685667
0.790667	0.589	0.139333
0.325667	0.737333	0.583
0.487	0.718	0.492
0.854	0	0.518333
0.978333	0.0793333	0.177
0.994667	0.011	0.0413333
0.0553333	0.979	0.179
0.559667	0.415333	0.715667
0.315333	0.557	0.761
0.864333	0.413667	0.231667
0.671	0.448667	0.569333
0.278	0.883	0.359333
0.307333	0.692	0.646333
0.316333	0.917333	0.192
0.397	0.832667	0.365333
0.861667	0.490333	0.107
0.786667	0.488	0.348667
0.905667	0.119333	0.404667
0.26	0.417333	0.851667
0.285	0.833333	0.445667
0.119	0.687667	0.713333
0.0556667	0.810667	0.572333
0.889333	0.328	0.245333
0.382333	0.410667	0.809
0.485667	0.825667	0.282667
0.727	0.411667	0.531333
0.669667	0.6	0.416667
0.548333	0.738333	0.368
0.544333	0.439333	0.713667
0.161333	0.190667	0.967667
0.862333	0.0973333	0.486667
0.554333	0.818667	0.135
0.781667	0.171	0.599667
0.463667	0.754333	0.439667
0.644	0.604	0.457333
0.29	0.176667	0.939
0.494667	0.209	0.842
0.707667	0.086	0.696667
0.795667	0.408	0.439667
0.985333	0.105333	0.128667
0.692333	0.604	0.391333
0.889667	0.252333	0.377
0.196	0.519	0.826667
0.816667	0.313333	0.483333
0.34	0.918667	0.146667
0.496667	0.153	0.848
0.651667	0.339	0.662333
0.689667	0.487667	0.528
0.0816667	0.984333	0.139
0.458667	0.705333	0.527333
0.861333	0.281	0.414667
0.194333	0.917333	0.337333
0.0766667	0.958667	0.272667
0.636333	0.335	0.687667
0.0826667	0.536333	0.833333
0.383333	0.285667	0.875
0.458667	0.680333	0.564667
0.583	0.430333	0.684667
0.953333	0.139	0.256667
0.623667	0.285333	0.727333
0.665667	0.738333	0.0286667
0.209333	0.768667	0.601
0.464	0.151333	0.868667
0.826667	0.192	0.526333
0.328667	0.698333	0.625333
0.195333	0.682333	0.691
0.546333	0.602667	0.564667
0.686	0.281667	0.662667
0.846667	0.431333	0.297
0.633	0.760333	0.126
0.332333	0.639	0.691667
0.482	0.781667	0.375667
0.545	0.669333	0.487333
0.008	0.895	0.443
0.164333	0.793667	0.582333
0.165667	0.575667	0.793333
0.522333	0.843333	0.111333
0.717333	0.160333	0.672
0.267333	0.402	0.875
0.651667	0.147333	0.742
0.294333	0.864	0.404333
0.0836667	0.734	0.673667
0.105	0.122667	0.986667
0.331667	0.761333	0.553
0.691667	0.514333	0.494667
0.243667	0.793	0.544667
0.624	0.567667	0.518667
0.614667	0.432333	0.657
0.911667	0.338333	0.226667
0.0493333	0.407333	0.907667
0.188667	0.629667	0.749333
0.899667	0.285667	0.326333
0.97	0.204667	0.125667
0.043	0.704	0.707
0.694667	0.435667	0.540333
0.589	0.74	0.313333
0.919667	0.167333	0.34
0.773333	0.488333	0.401333
0.848667	0.315667	0.415
0.251333	0.209333	0.939667
0.449	0.141333	0.874
0.294	0.833	0.459333
0.238333	0.616667	0.735667
0.826667	0.295667	0.464
0.034	0.794333	0.604333
0.912	0.190333	0.360667
0.453333	0.664667	0.587
0.420667	0.135	0.892333
0.366	0.898333	0.230333
0.589667	0.522667	0.582333
0.374	0.738	0.544333
0.698333	0.176	0.677333
0.516333	0.817333	0.255667
0.442	0.862	0.241667
0.598333	0.799	0.059
0.926667	0.309333	0.206333
0.254333	0.638333	0.703
0.981333	0.031	0.176333
0.294667	0.681	0.668333
0.791	0.491333	0.326
0.975333	0.00433333	0.188
0.610333	0.785333	0.063
0.782	0.373333	0.488667
0.239667	0.456333	0.841
0.544	0.678333	0.49
0.476	0.874667	0.009
0.590333	0.492	0.634667
0.444	0.742333	0.491333
0.675667	0.669	0.292
0.078	0.625667	0.773
0.745	0.650333	0.140333
0.195333	0.0933333	0.971667
0.185	0.808667	0.549
0.341667	0.561	0.742667
0.318667	0.748	0.574667
0.875	0.466667	0.121333
0.520333	0.193333	0.825667
0.808	0.347	0.473
0.845333	0.153	0.503333
0.499333	0.169667	0.840667
0.621	0.679667	0.362
0.792333	0.108667	0.594333
0.991667	0.0956667	0.0566667
0.448333	0.784667	0.419333
0.733333	0.366333	0.551333
0.429	0.897333	0.026
0.841	0.403667	0.329667
0.318333	0.878667	0.351667
0.860667	0.192	0.47
0.302667	0.895333	0.326333
0.200333	0.884	0.417333
0.919333	0.348333	0.125
0.523667	0.721667	0.433
0.632333	0.336333	0.687333
0.119667	0.621	0.768333
0.423333	0.656	0.617
0.445333	0.582333	0.669667
0.574333	0.764667	0.286667
0.293333	0.658333	0.673
0.475667	0.815667	0.294
0.879667	0.444667	0.150667
0.541333	0.716667	0.430667
0.128	0.961667	0.233667
0.853	0.360667	0.369
0.164	0.710667	0.661
0.33	0.438	0.833667
0.181667	0.833	0.499
0.789667	0.0616667	0.609667
0.544	0.829	0.0923333
0.579	0.153	0.796667
0.943333	0.219333	0.247
0.583	0.706667	0.386333
0.729333	0.323	0.600667
0.224333	0.79	0.567
0.783	0.202333	0.577333
0.475	0.458	0.748667
0.515333	0.359667	0.773
0.721333	0.467	0.495333
0.501667	0.502667	0.702
0.827333	0.435	0.353
0.583	0.284667	0.752
0.437667	0.187667	0.875667
0.398667	0.915	0.047
0.645	0.695667	0.272333
0.343333	0.706	0.619
0.582667	0.589667	0.558333
0.364	0.87	0.326
0.772333	0.420333	0.448333
0.413333	0.900667	0.102
0.232333	0.771667	0.583
0.475667	0.605	0.632
0.779333	0.406667	0.464
0.735667	0.660667	0.113333
0.124333	0.354667	0.923333
0.687667	0.691	0.156333
0.908667	0.0406667	0.406333
0.806667	0.239333	0.528
0.356	0.767667	0.505333
0.784667	0.589	0.19
0.79	0.601667	0.104333
0.0523333	0.526	0.837333
0.137667	0.634	0.745667
0.507667	0.605	0.601333
0.316333	0.495333	0.797333
0.844667	0.376	0.351333
0.409	0.274333	0.864333
0.713	0.480333	0.484667
0.657	0.259667	0.698333
0.692667	0.088	0.711
0.776333	0.445	0.435333
0.956	0.178	0.227
0.635667	0.149333	0.756
0.547667	0.0676667	0.821667
0.499333	0.405	0.762667
0.519667	0.509333	0.683
0.570333	0.654667	0.470667
0.0953333	0.975	0.194
0.561667	0.407	0.715
0.249333	0.195333	0.944
0.684667	0.711667	0.0586667
0.103667	0.848667	0.510333
0.174667	0.826667	0.525
0.206667	0.937667	0.265
0.321	0.886	0.312667
0.270333	0.848	0.453333
0.739667	0.601333	0.267
0.373667	0.776	0.485667
0.786333	0.272	0.536333
0.011	0.721667	0.684
0.414	0.177	0.886333
0.465	0.571333	0.670333
0.299	0.102333	0.944
0.375333	0.904	0.149667
0.436333	0.893333	0.0726667
0.522	0.666667	0.526667
0.620333	0.600333	0.48
0.353667	0.671333	0.626333
0.0113333	0.932333	0.350333
0.229333	0.734667	0.626333
0.592333	0.720333	0.356333
0.11	0.437667	0.89
0.219667	0.934667	0.264
0.715	0.609667	0.331333
0.233333	0.693333	0.669667
0.0766667	0.265667	0.959
0.128	0.296	0.938
0.277333	0.314667	0.907
0.587333	0.746333	0.295
0.730333	0.485667	0.445667
0.144333	0.912333	0.378667
0.888	0.409333	0.205
0.204667	0.895	0.383667
0.940333	0.294667	0.126667
0.480667	0.454333	0.749667
0.679333	0.158	0.708333
0.363333	0.832333	0.383667
0.707667	0.539333	0.430667
0.904	0.219333	0.351
0.003	0.755333	0.650667
0.118	0.570667	0.811333
0.558667	0.631	0.501
0.296667	0.706333	0.638333
0.493	0.849	0.153667
0.140667	0.146333	0.976667
0.110333	0.377	0.916667
0.497667	0.858333	0.0416667
0.788	0.474667	0.362333
0.0736667	0.982	0.164
0.718	0.637333	0.252
0.0646667	0.846	0.521333
0.461	0.645667	0.592333
0.501	0.0883333	0.858667
0.757333	0.421	0.496333
0.547	0.788333	0.271333
0.83	0.129333	0.534
0.357	0.753	0.545333
0.801	0.517333	0.254667
0.48	0.807	0.321667
0.438	0.316	0.823
0.635667	0.748667	0.184667
0.353	0.839667	0.389667
0.298667	0.546	0.775
0.728667	0.662333	0.160667
0.24	0.885333	0.366
0.149	0.74	0.654333
0.693	0.631	0.323667
0.937	0.161333	0.274333
0.259667	0.666667	0.676667
0.667333	0.712667	0.148333
0.507333	0.567333	0.637667
0.448	0.824	0.336
0.695	0.668667	0.238
0.881667	0.243667	0.399333
0.175	0.975	0.131667
0.657333	0.511667	0.53
0.364333	0.173333	0.914667
0.450333	0.353667	0.815667
0.741333	0.332	0.568333
0.411333	0.752333	0.504667
0.777	0.58	0.211
0.759	0.451	0.447
0.314667	0.782	0.516333
0.664667	0.685	0.268333
0.073	0.819667	0.560667
0.696667	0.535667	0.471667
0.400667	0.423	0.808
0.748	0.293667	0.587333
0.712667	0.379667	0.588333
0.564333	0.554	0.599333
0.429	0.445	0.783667
0.587	0.552667	0.583667
0.110667	0.8	0.587
0.869667	0.486667	0.0743333
0.56	0.382333	0.733667
0.707667	0.512	0.486333
0.106	0.857667	0.488333
0.25	0.292667	0.916
0.260333	0.0926667	0.953667
0.575	0.394	0.715333
0.328667	0.649	0.68
0.662333	0.632	0.392
0.411	0.821667	0.391333
0.559	0.816333	0.0683333
0.617333	0.459667	0.633667
0.19	0.528667	0.826333
0.671	0.414	0.603
0.966667	0.234667	0.100667
0.629667	0.47	0.602333
0.379333	0.476333	0.781667
0.572	0.163667	0.802667
0.359667	0.502333	0.779333
0.254667	0.880333	0.399333
0.688333	0.490667	0.53
0.00333333	0.457333	0.887333
0.528667	0.354667	0.757667
0.547	0.615667	0.558667
0.518	0.483333	0.688
0.868333	0.195	0.43
0.553	0.591333	0.583667
0.683333	0.578667	0.435667
0.558667	0.805	0.177333
0.523	0.529	0.662333
0.440667	0.357667	0.821
0.775	0.298667	0.556333
0.631333	0.629667	0.449667
0.135667	0.825667	0.542333
0.429	0.834	0.313667
0.522667	0.759667	0.364333
0.739	0.611667	0.198333
0.75	0.641	0.116667
0.735333	0.662	0.0933333
0.908667	0.253	0.305333
0.509	0.366	0.757667
0.813	0.574333	0.0116667
0.659	0.443	0.606667
0.164333	0.901667	0.399
0.729333	0.371	0.551667
0.756667	0.51	0.404333
0.157	0.344667	0.915667
0.825	0.144333	0.538667
0.205667	0.715	0.641
0.608667	0.679	0.4
0.338	0.561	0.747
0.7	0.370667	0.609667
0.742667	0.288333	0.602667
0.291333	0.227667	0.925667
0.578667	0.300667	0.742333
0.569333	0.581667	0.568333
0.863333	0.021	0.493667
0.873333	0.378	0.276667
0.329	0.941	0.0496667
0.358667	0.73	0.564333
0.603333	0.272	0.747667
0.401667	0.824667	0.395
0.369	0.379333	0.842667
0.759333	0.249333	0.596667
0.728667	0.649333	0.212667
0.355	0.392667	0.845333
0.816667	0.154667	0.546667
0.465667	0.179667	0.865333
0.687	0.204333	0.685333
0.284667	0.646333	0.697667
0.161333	0.983333	0.057
0.341333	0.315667	0.866333
0.536667	0.610333	0.581
0.671667	0.673333	0.302333
0.820667	0.294667	0.466333
0.682333	0.553333	0.446667
0.245333	0.271333	0.923
0.906333	0.0443333	0.414667
0.586	0.769333	0.215667
0.81	0.306667	0.493
0.979667	0.0326667	0.138667
0.571667	0.62	0.504333
0.3	0.676	0.658333
0.0713333	0.851667	0.490333
0.757	0.463667	0.429333
0.600667	0.157	0.783333
0.0403333	0.830333	0.539
0.338333	0.508667	0.789
0.798667	0.1	0.584
0.245	0.0743333	0.962667
0.155667	0.672667	0.720333
0.261667	0.504333	0.814667
0.361	0.729333	0.566667
0.579	0.535667	0.606333
0.567333	0.534667	0.618667
0.00266667	0.938333	0.326667
0.554	0.810667	0.159
0.885333	0.123333	0.436
0.568	0.602333	0.558
0.425333	0.903	0.0373333
0.574333	0.236	0.783667
0.629667	0.332667	0.694667
0.959333	0.277667	0.0153333
0.489667	0.788667	0.364
0.788667	0.538	0.264667
0.417667	0.877	0.208
0.0783333	0.563	0.815333
0.612333	0.525333	0.578333
0.222	0.924	0.273333
0.656333	0.401333	0.629333
0.289667	0.918667	0.243
0.48	0.459667	0.737667
0.798	0.597667	0.049
0.814333	0.511667	0.249333
0.733667	0.433	0.495333
0.860667	0.210333	0.447667
0.435667	0.295667	0.848333
0.801333	0.311	0.485333
0.912	0.373333	0.163
0.282333	0.140667	0.948
0.863333	0.444667	0.207667
0.845333	0.435667	0.285
0.9	0.0303333	0.430333
0.538	0.511333	0.669
0.522333	0.743667	0.387
0.782667	0.496	0.366333
0.195667	0.964667	0.141667
0.228	0.818667	0.522333
0.375	0.711667	0.576333
0.856333	0.340667	0.386333
0.456	0.575	0.672667
0.244333	0.320667	0.909667
0.663333	0.241	0.706
0.125333	0.991667	0.0156667
0.0726667	0.891667	0.446333
0.804333	0.576	0.0653333
0.0533333	0.624667	0.778667
0.475333	0.774667	0.400667
0.869333	0.24	0.429
0.694667	0.292667	0.651667
0.600667	0.732333	0.299
0.538	0.698667	0.467333
0.302	0.354667	0.884333
0.487333	0.468333	0.732667
0.676333	0.504667	0.526667
0.974667	0.159	0.119
0.344	0.844	0.411
0.832333	0.537333	0.08
0.390333	0.234333	0.890333
0.845333	0.227	0.476333
0.788333	0.525667	0.316
0.292333	0.786333	0.542
0.181	0.593333	0.778
0.842333	0.0466667	0.529
0.519667	0.347667	0.777
0.379333	0.883333	0.271667
0.463667	0.475	0.744333
0.843	0.479333	0.220667
0.64	0.185667	0.738333
0.273667	0.515333	0.812
0.222	0.887333	0.392333
0.638	0.722333	0.223667
0.164667	0.931333	0.310667
0.622	0.77	0.0883333
0.225333	0.623	0.747
0.423667	0.312667	0.837333
0.0926667	0.703	0.704
0.451	0.790333	0.401333
0.0913333	0.476667	0.870333
0.548	0.830667	0.071
0.831	0.255333	0.486333
0.866667	0.324	0.358667
0.697	0.571	0.424
0.364	0.434667	0.810333
0.426667	0.676333	0.596667
0.841	0.213	0.490333
0.723333	0.647667	0.217333
0.766333	0.529	0.346667
0.752667	0.441333	0.479
0.800333	0.426333	0.407333
0.705667	0.530333	0.441333
0.637	0.741667	0.150667
0.269	0.732667	0.618333
0.349667	0.826333	0.438
0.741	0.415667	0.504667
0.367333	0.401	0.824333
0.843	0.436	0.267667
0.618	0.0456667	0.784667
0.214	0.953	0.166667
0.119667	0.850333	0.504667
0.663667	0.309667	0.653
0.61	0.243333	0.741333
0.438667	0.637667	0.625333
0.161667	0.942667	0.258667
0.580333	0.442333	0.676
0.119	0.164667	0.972667
0.809	0.568333	0.142667
0.550667	0.170667	0.814
0.218	0.218667	0.944667
0.337667	0.645	0.680333
0.754333	0.584333	0.290333
0.169667	0.7	0.692333
0.468	0.516667	0.705
0.524333	0.761667	0.362667
0.812	0.0256667	0.579333
0.854333	0.459667	0.218667
0.604333	0.748333	0.267333
0.687	0.127333	0.714333
0.648333	0.667667	0.315
0.656333	0.691	0.281
0.578	0.628333	0.494667
0.429	0.620667	0.655
0.371	0.870667	0.303667
0.549667	0.195	0.805333
0.267667	0.796667	0.532
0.274667	0.753667	0.575
0.316333	0.912333	0.246667
0.489333	0.0216667	0.871333
0.781333	0.518667	0.333
0.673667	0.539	0.492333
0.689	0.249667	0.659667
0.514	0.726	0.444
0.96	0.162667	0.205667
0.940333	0.0476667	0.334
0.390333	0.06	0.917667
0.579667	0.0986667	0.793667
0.492333	0.510333	0.698333
0.901	0.101	0.413333
0.652	0.560667	0.507333
0.011	0.31	0.942667
0.799	0.441	0.404333
0.941333	0.0196667	0.325667
0.392	0.455667	0.794
0.125	0.304333	0.933
0.134333	0.578667	0.801
0.670333	0.702667	0.175
0.682667	0.062	0.725
0.850667	0.367333	0.332333
0.133	0.652	0.743
0.243333	0.761	0.592
0.838667	0.507333	0.181333
0.122	0.360333	0.916333
0.752333	0.445333	0.466333
0.829333	0.501333	0.24
0.729667	0.462333	0.494333
0.512	0.604	0.605667
0.431333	0.807333	0.398333
0.68	0.661667	0.308333
0.547	0.079	0.833
0.613667	0.331333	0.712333
0.416333	0.751	0.483
0.609667	0.64	0.456
0.158	0.511667	0.838
0.447667	0.416333	0.768667
0.378	0.299	0.870667
0.909	0.266	0.277667
0.456	0.124	0.877333
0.864333	0.405667	0.29
0.466667	0.543333	0.694333
0.161	0.856	0.49
0.534667	0.549333	0.64
0.740667	0.589333	0.245667
0.273333	0.853667	0.432667
0.482	0.815	0.314667
0.361667	0.225333	0.898333
0.508	0.117667	0.846333
0.095	0.0286667	0.994333
0.523	0.821	0.225333
0.0236667	0.594667	0.798667
0.489	0.290333	0.820333
0.529	0.341	0.76
0.157667	0.243	0.951667
0.815333	0.537	0.19
0.635	0.437	0.616667
0.45	0.704333	0.539
0.248667	0.925	0.228667
0.838667	0.133667	0.526
0.385	0.313	0.853667
0.288667	0.492667	0.815667
0.821667	0.548	0.0786667
0.945	0.244667	0.145667
0.620667	0.663333	0.391667
0.8	0.53	0.270667
0.0573333	0.181667	0.979333
0.231	0.649333	0.698667
0.995333	0.092	0.00566667
0.00233333	0.608333	0.788333
0.436333	0.795667	0.395
0.545	0.395333	0.722667
0.755	0.630333	0.149
0.081	0.831	0.537
0.173667	0.477333	0.858667
0.889333	0.0876667	0.435
0.679333	0.377667	0.610667
0.507	0.676667	0.521667
0.483667	0.276333	0.825667
0.570667	0.814333	0.078
0.108	0.879667	0.451333
0.453667	0.493333	0.735667
0.908	0.401	0.0496667
0.720333	0.416	0.517333
0.651	0.058	0.746333
0.242333	0.934	0.234333
0.633333	0.625667	0.444333
0.189	0.0696667	0.979
0.252	0.401333	0.877333
0.061	0.746	0.654333
0.396	0.481	0.768333
0.916333	0.186333	0.321333
0.529333	0.814	0.226667
0.834333	0.502667	0.224667
0.244333	0.636	0.716667
0.406333	0.644667	0.628667
0.383333	0.730667	0.546667
0.657	0.544333	0.513
0.928667	0.367	0.0386667
0.761333	0.296333	0.560333
0.931	0.185	0.308333
0.813667	0.464667	0.326
0.977333	0.042	0.177667
0.933333	0.07	0.338667
0.535667	0.268667	0.795667
0.496	0.862333	0.0776667
0.366	0.650333	0.655333
0.331333	0.575667	0.747333
0.570333	0.794333	0.117
0.318	0.935	0.116
0.440667	0.866333	0.233
0.817	0.237333	0.512667
0.985667	0.0566667	0.112333
0.0806667	0.92	0.380333
0.342333	0.810667	0.456667
0.733	0.467	0.455333
0.136333	0.903333	0.404667
0.260667	0.822667	0.499667
0.72	0.433	0.524333
0.175667	0.369667	0.907
0.791667	0.581667	0.179667
0.019	0.356	0.929333
0.436667	0.048	0.897333
0.350333	0.342333	0.865333
0.519333	0.469	0.71
0.559333	0.767333	0.297333
0.514	0.755667	0.369667
0.801667	0.0453333	0.573
0.716333	0.228	0.636667
0.546667	0.78	0.277667
0.325	0.0793333	0.932
0.579333	0.635	0.477667
0.871667	0.0756667	0.471667
0.055	0.989333	0.132333
0.896333	0.375333	0.165
0.797333	0.542667	0.222667
0.913333	0.250667	0.317
0.457667	0.766	0.448667
0.780333	0.348667	0.505667
0.49	0.119667	0.862667
0.524667	0.388667	0.749333
0.374667	0.906333	0.127
0.695333	0.659667	0.231333
0.500333	0.851333	0.104667
0.770333	0.155333	0.616333
0.561333	0.284	0.776333
0.396	0.783667	0.472667
0.740667	0.231	0.611333
0.609667	0.192667	0.764333
0.647333	0.545667	0.526667
0.916333	0.232333	0.319
0.943	0.149667	0.289333
0.447	0.809	0.364667
0.512333	0.0803333	0.854333
0.186333	0.934	0.294667
0.228	0.681667	0.688667
0.879	0.399	0.251667
0.394	0.555667	0.729
0.523	0.546333	0.646667
0.551667	0.800667	0.208
0.089	0.713667	0.682333
0.979	0.100333	0.142333
0.100667	0.904	0.412667
0.931333	0.0586667	0.357
0.573667	0.789333	0.196333
0.619667	0.354	0.698333
0.601667	0.170333	0.771333
0.782	0.0976667	0.611667
0.62	0.003	0.78
0.817	0.550333	0.144667
0.719667	0.674667	0.124333
0.641333	0.731	0.217667
0.139	0.811	0.562667
0.689	0.450667	0.549667
0.479333	0.558	0.675667
0.936333	0.00166667	0.342
0.944333	0.065	0.318
0.553333	0.542333	0.629
0.823667	0.542333	0.144
0.83	0.522667	0.177333
0.331	0.449	0.826333
0.284667	0.892667	0.327333
0.775	0.224333	0.566333
0.829667	0.482	0.243667
0.666333	0.700667	0.243667
0.540667	0.738667	0.381667
0.002	0.758333	0.651333
0.687333	0.628	0.342667
0.822667	0.219667	0.498
0.593667	0.768333	0.198333
0.748333	0.212	0.604
0.655333	0.0226667	0.742333
0.827667	0.098	0.551333
0.204	0.583	0.781333
0.679333	0.650667	0.327
0.845667	0.514333	0.092
0.296	0.787	0.528
0.502667	0.735333	0.438
0.708	0.522667	0.460667
0.117667	0.0446667	0.988
0.212333	0.965667	0.130667
0.659333	0.594333	0.422333
0.584	0.692333	0.375667
0.191333	0.372	0.904
0.895	0.252333	0.346
0.0923333	0.0363333	0.993667
0.646	0.183333	0.724333
0.624	0.598333	0.500333
0.878	0.156667	0.441667
0.164667	0.447333	0.876667
0.223	0.435	0.869
0.244	0.135	0.953333
0.726	0.0856667	0.667333
0.855333	0.25	0.425333
0.245667	0.96	0.084
0.286	0.114333	0.943667
0.371333	0.716333	0.578667
0.417333	0.323333	0.841333
0.410333	0.496333	0.75
0.750333	0.491667	0.434667
0.278333	0.452333	0.831667
0.640667	0.0873333	0.759667
0.048	0.967	0.232667
0.178667	0.384333	0.905667
0.897333	0.224	0.374
0.627667	0.691667	0.323333
0.616	0.506667	0.587333
0.211667	0.355	0.899333
0.204333	0.759667	0.609333
0.232	0.455667	0.853667
0.238	0.805333	0.539
0.677333	0.563333	0.441667
0.958667	0.231333	0.118667
0.345667	0.499333	0.792
0.313333	0.198667	0.924667
0.364	0.926333	0.0353333
0.356333	0.814	0.443
0.606667	0.701667	0.368333
0.856333	0.417333	0.304
0.317667	0.786667	0.494
0.935	0.254333	0.225333
0.897	0.127	0.418333
0.806667	0.21	0.549
0.763333	0.331667	0.547
0.454	0.528667	0.711333
0.178667	0.202	0.954
0.600667	0.759333	0.246333
0.773667	0.282	0.567333
0.492667	0.849	0.182667
0.61	0.0803333	0.786667
0.165667	0.847	0.497333
0.313	0.329333	0.889667
0.942333	0.242	0.214
0.732	0.316667	0.596
0.00533333	0.962	0.251333
0.012	0.142	0.989333
0.774333	0.0886667	0.623
0.677667	0.574333	0.440333
0.404333	0.521333	0.75
0.695	0.48	0.527
0.213667	0.028	0.972667
0.096	0.930333	0.345667
0.0346667	0.634667	0.768667
0.962333	0.238667	0.113333
0.551667	0.427333	0.693333
0.969	0.24	0.027
0.552	0.648333	0.51
0.988	0.124333	0.0616667
0.968	0.207	0.0803333
0.394333	0.843	0.349
0.672333	0.684	0.267
0.766667	0.599667	0.185333
0.350667	0.889333	0.269333
0.0883333	0.759	0.640333
0.115	0.234333	0.965
0.741667	0.660333	0.0383333
0.96	0.261333	0.031
0.682	0.628333	0.363667
0.513333	0.403	0.757
0.608667	0.650667	0.438333
0.917333	0.380667	0.097
0.569667	0.647667	0.484333
0.716333	0.220667	0.651333
0.652333	0.266	0.696667
0.0606667	0.385	0.918667
0.750667	0.0916667	0.653333
0.548667	0.813667	0.191667
0.921667	0.284	0.240667
0.393333	0.854333	0.306667
0.726	0.351	0.585
0.641	0.347667	0.673667
0.827	0.403333	0.372
0.251667	0.909333	0.315
0.296667	0.878333	0.372667
0.781667	0.460333	0.377333
0.559333	0.748667	0.32
0.281	0.700667	0.652333
0.844	0.504667	0.147667
0.543	0.559	0.617333
0.698667	0.246333	0.660667
0.568	0.394333	0.699667
0.817667	0.564333	0.104333
0.229333	0.635	0.722
0.061	0.782667	0.614
0.824333	0.341333	0.444
0.565	0.511	0.644333
0.901	0.173667	0.373
0.323333	0.639667	0.688333
0.541	0.580667	0.590333
0.179333	0.964	0.196
0.617	0.723667	0.275333
0.937667	0.201667	0.265333
0.182	0.817333	0.528333
0.674667	0.515333	0.524333
0.443667	0.716	0.535
0.211333	0.244	0.940333
0.279	0.403	0.858667
0.768	0.619	0.154
0.38	0.765	0.513
0.516333	0.493333	0.692333
0.0123333	0.474667	0.879
0.547667	0.341	0.75
0.63	0.633333	0.414
0.237333	0.534	0.808667
0.435667	0.216667	0.866
0.774667	0.217667	0.574
0.643333	0.36	0.661333
0.623	0.657	0.407667
0.418667	0.834	0.324667
0.853	0.493333	0.158667
0.327	0.483	0.811
0.845333	0.390333	0.346667
0.885333	0.436667	0.101
0.339	0.912333	0.149333
0.579667	0.768333	0.243667
0.334667	0.703333	0.624333
0.563333	0.528	0.634
0.811333	0.512333	0.222333
0.513	0.313333	0.791
0.245	0.931	0.262333
0.119667	0.424667	0.881667
0.975667	0.191667	0.061
0.184667	0.832333	0.511667
0.397	0.150667	0.892
0.867667	0.368333	0.314
0.0216667	0.309667	0.943667
0.569667	0.281333	0.771667
0.380333	0.432667	0.817
0.427	0.750667	0.495667
0.441	0.831667	0.296
0.691333	0.154	0.703667
0.326667	0.554	0.751
0.242333	0.949667	0.176667
0.584667	0.497	0.626
0.660667	0.069	0.735333
0.325667	0.841333	0.422667
0.855667	0.273	0.417333
0.410667	0.191	0.878
0.885	0.32	0.291333
0.388333	0.444667	0.799333
0.607333	0.611	0.500667
0.295	0.484	0.806333
0.194	0.171333	0.964667
0.646667	0.753667	0.0533333
0.83	0.327333	0.433
0.772	0.055	0.625667
0.626333	0.605	0.460333
0.09	0.883333	0.457333
0.299333	0.448667	0.841
0.871333	0.261667	0.390667
0.467333	0.652333	0.584
0.127667	0.986667	0.044
0.210667	0.586	0.759333
0.711667	0.612	0.307667
0.553333	0.411333	0.717
0.553667	0.175667	0.793
0.451333	0.882	0.116
0.281333	0.945333	0.144667
0.342	0.668667	0.66
0.791333	0.316	0.493667
0.315667	0.760333	0.558667
0.47	0.820667	0.290667
0.671333	0.188333	0.702667
0.381667	0.412	0.814667
0.699667	0.518	0.466
0.874333	0.184667	0.438333
0.143	0.980333	0.08
0.603333	0.775333	0.153667
0.336	0.848667	0.407
0.677	0.314	0.644333
0.698333	0.0286667	0.709
0.835	0.286667	0.455333
0.738	0.537	0.348
0.88	0.273333	0.35
0.491	0.529667	0.666667
0.149667	0.747667	0.640333
0.494333	0.860333	0.0863333
0.3	0.922	0.204667
0.741	0.361667	0.545333
0.0766667	0.970333	0.222667
0.882333	0.105667	0.456333
0.176667	0.395333	0.895
0.614333	0.515667	0.572667
0.916333	0.061	0.394667
0.416	0.740667	0.518
0.233667	0.273667	0.922667
0.201333	0.133667	0.970333
0.428333	0.71	0.558333
0.271333	0.761	0.584
0.327	0.928667	0.147
0.635333	0.664	0.359333
0.220333	0.703333	0.674667
0.31	0.349667	0.872
0.239667	0.670667	0.695333
0.146	0.900333	0.402
0.506667	0.745667	0.408667
0.547	0.383333	0.728333
0.481	0.747	0.451667
0.885667	0.264	0.367667
0.346333	0.6	0.701333
0.751667	0.640333	0.110333
0.219667	0.078	0.966333
0.264	0.663	0.683667
0.905333	0.408667	0.081
0.883667	0.190667	0.408333
0.216	0.698333	0.68
0.549	0.483667	0.676667
0.0933333	0.126667	0.979
0.958667	0.0713333	0.238667
0.981	0.063	0.131
0.439667	0.525333	0.726333
0.783	0.283667	0.536667
0.745667	0.607333	0.208
0.332333	0.755333	0.559
0.537667	0.820667	0.176667
0.22	0.505	0.830667
0.33	0.472333	0.812333
0.521	0.794	0.308333
0.0476667	0.082	0.994667
0.0206667	0.996333	0.058
0.475333	0.364667	0.792
0.428333	0.777333	0.442333
0.285	0.617667	0.721
0.735333	0.163	0.656
0.155333	0.889333	0.418667
0.136333	0.671	0.724333
0.143333	0.968333	0.136667
0.637	0.655333	0.388667
0.300333	0.745333	0.590333
0.807333	0.545	0.2
0.515667	0.692333	0.472667
0.061	0.983667	0.159
0.708667	0.425667	0.561667
0.583667	0.0506667	0.806333
0.262	0.353	0.889667
0.626667	0.771	0.038
0.257667	0.544333	0.795333
0.27	0.946333	0.168667
0.183667	0.793	0.570333
0.884333	0.00766667	0.465667
0.542667	0.390667	0.731333
0.501667	0.007	0.864333
0.0173333	0.672667	0.723333
0.599667	0.667667	0.438
0.225	0.518333	0.822333
0.797	0.599333	0.061
0.581	0.212667	0.781667
0.802333	0.497667	0.312667
0.450333	0.378333	0.799
0.228667	0.859667	0.452
0.527667	0.416333	0.731667
0.313333	0.344333	0.877
0.176667	0.840333	0.507
0.434667	0.661	0.590333
0.384333	0.524333	0.752667
0.783333	0.496667	0.358667
0.153333	0.254333	0.952667
0.453	0.064	0.881667
0.311333	0.945667	0.0556667
0.283	0.326333	0.893333
0.160667	0.985667	0.0386667
0.547333	0.196333	0.799333
0.423	0.695	0.566333
0.637667	0.573	0.511333
0.177	0.758333	0.617667
0.398	0.764667	0.502
0.188667	0.300667	0.932667
0.472333	0.195333	0.852333
0.630667	0.296333	0.716667
0.929	0.285	0.199333
0.990333	0.0253333	0.130333
0.818667	0.537	0.158333
0.307333	0.223333	0.922
0.492333	0.365	0.771333
0.696	0.473	0.522
0.234	0.615667	0.742
0.618	0.561	0.54
0.719667	0.664333	0.191
0.453	0.817	0.335
0.123333	0.990333	0.0286667
0.666	0.59	0.429
0.595667	0.765333	0.192
0.133667	0.256333	0.956
0.192333	0.822	0.519667
0.523667	0.173333	0.831333
0.339	0.390333	0.852333
0.647	0.686333	0.308667
0.001	0.296	0.950667
0.942333	0.291	0.122
0.38	0.799	0.453667
0.925667	0.255333	0.277333
0.812667	0.416	0.390333
0.526	0.783333	0.293
0.143333	0.757667	0.628333
0.315333	0.256667	0.909667
0.473333	0.074	0.877667
0.823667	0.103333	0.539333
0.803333	0.255333	0.526333
0.659	0.645	0.381667
0.160667	0.0846667	0.977667
0.211	0.541667	0.81
0.402	0.16	0.889
0.468333	0.772	0.418333
0.466	0.551333	0.683667
0.969	0.187667	0.154333
0.428	0.585333	0.680667
0.534667	0.414667	0.735
0.309333	0.856333	0.395333
0.756	0.359667	0.532333
0.391	0.503333	0.769
0.898	0.298667	0.300667
0.576667	0.282	0.765667
0.826333	0.467667	0.285333
0.496333	0.424	0.753667
0.439	0.497333	0.745667
0.713667	0.193333	0.663
0.191333	0.718333	0.642667
0.279333	0.446	0.849
0.1	0.388	0.915
0.0543333	0.956333	0.281
0.123333	0.834333	0.535667
0.249667	0.716	0.624333
0.555333	0.769333	0.311333
0.728667	0.500667	0.423333
0.233	0.962333	0.103667
0.0366667	0.433667	0.897667
0.701	0.046	0.703333
0.749667	0.566333	0.313
0.801	0.283667	0.525333
0.895667	0.0623333	0.439
0.777667	0.0696667	0.621
0.86	0.390333	0.323
0.617333	0.427667	0.642333
0.696333	0.158	0.692667
0.589333	0.768667	0.199333
0.902	0.361333	0.181667
0.541667	0.807667	0.220333
0.422667	0.26	0.862
0.857333	0.0993333	0.479333
0.843333	0.195	0.482333
0.329667	0.898	0.275
0.077	0.541	0.834
0.449667	0.811667	0.342
0.559	0.662333	0.497333
0.392333	0.627	0.663
0.775333	0.580667	0.238667
0.714333	0.266333	0.623333
0.854	0.0313333	0.517
0.252333	0.594667	0.750333
0.181333	0.633	0.752
0.353667	0.668667	0.640667
0.379333	0.587667	0.713667
0.772	0.615	0.107
0.136333	0.653	0.742667
0.493667	0.827333	0.265
0.897667	0.364	0.232
0.375	0.904667	0.201667
0.588667	0.0686667	0.804
0.274667	0.692667	0.66
0.301333	0.415	0.854
0.485333	0.867333	0.0166667
0.0593333	0.786	0.609333
0.495333	0.774333	0.381333
0.597	0.406333	0.678667
0.132333	0.344333	0.920667
0.690333	0.668667	0.261667
0.887333	0.448	0.038
0.529333	0.565	0.611
0.817	0.519	0.209667
0.942333	0.243667	0.155333
0.0233333	0.957667	0.277333
0.850667	0.405333	0.315667
0.596333	0.383333	0.688667
0.203	0.646	0.732333
0.579333	0.391667	0.691667
0.474667	0.846667	0.187333
0.460333	0.106667	0.873
0.956333	0.259333	0.11
0.316333	0.326667	0.887667
0.516667	0.765333	0.354333
0.683	0.240667	0.677667
0.728	0.250667	0.622333
0.652	0.212	0.717667
0.798667	0.242	0.543333
0.88	0.204333	0.428667
0.752333	0.138	0.642333
0.168333	0.767	0.614
0.579333	0.561333	0.565
0.556667	0.139	0.817667
0.974	0.0713333	0.199333
0.964667	0.245	0.0436667
0.401333	0.892333	0.194333
0.432	0.843333	0.309333
0.414667	0.749333	0.497333
0.975	0.044	0.186
0.843667	0.414	0.318667
0.977333	0.198333	0.0293333
0.654333	0.507	0.551
0.480667	0.781667	0.384333
0.0956667	0.713	0.684
0.688333	0.410667	0.583
0.238	0.32	0.914
0.983	0.140667	0.057
0.191	0.791	0.567667
0.637333	0.685333	0.349
0.464667	0.624	0.605667
0.924	0.319	0.209667
0.398	0.267	0.875667
0.462333	0.884	0.0633333
0.178	0.174667	0.962
0.298	0.656	0.685
0.343667	0.193	0.915
0.516667	0.211667	0.819
0.647667	0.615333	0.438667
0.337667	0.333	0.879333
0.807333	0.152667	0.555333
0.178	0.948667	0.202
0.721667	0.258667	0.631333
0.229	0.789333	0.552
0.941	0.265	0.193333
0.742	0.161667	0.641333
0.458667	0.427	0.757333
0.356333	0.681667	0.614
0.263667	0.866	0.412
0.918667	0.266333	0.249333
0.927667	0.310667	0.184
0.636333	0.142333	0.744
0.713333	0.088	0.686667
0.782333	0.578333	0.204667
0.672	0.218	0.698333
0.377667	0.187667	0.903667
0.786667	0.526333	0.295
0.551333	0.756	0.343667
0.782333	0.443333	0.419333
0.421	0.411333	0.794
0.912	0.297333	0.257
0.522667	0.478667	0.685333
0.263	0.92	0.253
0.0726667	0.184	0.977667
0.944	0.310667	0.0853333
0.0336667	0.896333	0.431
0.362333	0.852	0.375
0.526	0.714	0.460333
0.471	0.735667	0.461667
0.811333	0.07	0.564333
0.902	0.342	0.243333
0.629	0.498	0.582
0.428667	0.876667	0.203333
0.654667	0.462	0.596667
0.618	0.74	0.230333
0.287	0.526333	0.794667
0.618333	0.376	0.675667
0.0903333	0.443333	0.884
0.483	0.531667	0.684333
0.041	0.163667	0.984333
0.316	0.894333	0.294
0.925667	0.353333	0.105
0.865	0.309	0.384333
0.477667	0.647333	0.580667
0.787333	0.544333	0.250333
0.436333	0.168	0.878667
0.443667	0.375	0.813333
0.545667	0.834333	0.0576667
0.672	0.416	0.589333
0.506667	0.846333	0.121
0.689333	0.43	0.554667
0.158667	0.03	0.985
0.710333	0.692	0.103333
0.309	0.755333	0.574667
0.408333	0.0546667	0.904333
0.412333	0.140667	0.893
0.605667	0.786333	0.114333
0.513	0.227667	0.827333
0.768	0.192	0.608333
0.862667	0.438333	0.229667
0.977667	0.108333	0.135667
0.446	0.889	0.0196667
0.955667	0.225667	0.149667
0.0883333	0.863	0.466333
0.235333	0.887667	0.358667
0.777333	0.408333	0.458667
0.612	0.704333	0.357333
0.315667	0.656667	0.671667
0.536667	0.177	0.823
0.549333	0.318	0.764333
0.440667	0.725333	0.520333
0.461667	0.878333	0.117333
0.971667	0.200667	0.0306667
0.680333	0.303333	0.651333
0.312	0.317667	0.895333
0.369667	0.134	0.911
0.213667	0.139333	0.957
0.210667	0.956	0.149333
0.581667	0.435667	0.673333
0.0316667	0.896	0.437
0.634667	0.735333	0.230667
0.621667	0.104	0.774
0.499333	0.637333	0.551333
0.801667	0.139667	0.564333
0.933667	0.119667	0.33
0.524667	0.318667	0.762667
0.417667	0.498	0.748333
0.838	0.0526667	0.536667
0.105667	0.847	0.52
0.0643333	0.648333	0.757
0.753	0.465	0.458333
0.612333	0.785	0.059
0.618333	0.527	0.563333
0.417667	0.393667	0.810333
0.658333	0.404	0.616333
0.297333	0.536	0.782
0.813	0.488	0.276333
0.353333	0.803667	0.450333
0.492	0.255	0.825667
0.107333	0.624	0.760667
0.185	0.456333	0.853333
0.583	0.251667	0.764333
0.814667	0.235333	0.529667
0.989333	0.0776667	0.111
0.176667	0.728333	0.641667
0.968667	0.0166667	0.244
0.208	0.896	0.367333
0.151	0.915	0.351667
0.831	0.539667	0.0823333
0.762333	0.367667	0.500333
0.815	0.291333	0.487333
0.237	0.551667	0.799667
0.882	0.463	0.0616667
0.61	0.720667	0.311
0.689333	0.611	0.360667
0.107	0.921667	0.363333
0.523667	0.843667	0.077
0.800667	0.174667	0.568
0.408333	0.397333	0.819
0.508	0.249667	0.812
0.908	0.273667	0.306667
0.605333	0.0403333	0.790667
0.356	0.642333	0.659333
0.572667	0.141667	0.802333
0.512333	0.852667	0.0533333
0.279333	0.267667	0.920667
0.469333	0.844	0.257667
0.708333	0.247333	0.642
0.594333	0.682333	0.397667
0.908	0.120333	0.381667
0.959	0.116	0.235667
0.174	0.844	0.499333
0.540333	0.350333	0.754667
0.394	0.852333	0.336667
0.932333	0.349667	0.0133333
0.627667	0.525333	0.565333
0.584667	0.776	0.197
0.912667	0.392	0.00866667
0.119667	0.565667	0.807333
0.235333	0.922333	0.272667
0.547667	0.301667	0.774333
0.331	0.804667	0.485667
0.772333	0.264	0.571667
0.444	0.202667	0.871
0.261667	0.517667	0.804
0.375	0.253	0.890333
0.524	0.739667	0.411667
0.974	0.179	0.119667
0.173667	0.733667	0.638667
0.48	0.264333	0.835333
0.929	0.272333	0.230333
0.840333	0.528667	0.044
0.627	0.512333	0.585333
0.784333	0.541	0.303
0.515333	0.536	0.657667
0.0646667	0.861333	0.479
0.369333	0.440667	0.808333
0.416333	0.818333	0.366
0.275667	0.611667	0.728333
0.725333	0.551333	0.406667
0.906667	0.362333	0.165333
0.818667	0.442333	0.352667
0.273	0.910667	0.282333
0.231333	0.726667	0.639667
0.162667	0.850333	0.472333
0.235	0.835333	0.489333
0.437	0.11	0.888667
0.0243333	0.249	0.966
0.652333	0.704333	0.249333
0.740667	0.479333	0.440333
0.671333	0.720667	0.142667
0.277667	0.202333	0.926667
0.467333	0.87	0.132333
0.194667	0.490333	0.842
0.696667	0.170667	0.678
0.614	0.260667	0.734667
0.118333	0.312667	0.933667
0.714333	0.400667	0.565333
0.185333	0.631667	0.748
0.0243333	0.293333	0.954
0.005	0.995333	0.0646667
0.364667	0.925667	0.0296667
0.607	0.776667	0.12
0.427	0.0896667	0.899667
0.802667	0.542333	0.237667
0.0943333	0.365667	0.919333
0.368333	0.868333	0.313333
0.434333	0.832333	0.341333
0.658333	0.498333	0.557667
0.155667	0.844333	0.501
0.509667	0.407667	0.753667
0.289667	0.656	0.686
0.626333	0.442	0.641
0.924	0.242667	0.294333
0.448	0.882	0.145
0.873	0.244	0.395
0.546333	0.679	0.468667
0.797667	0.116333	0.582
0.688	0.259333	0.666333
0.678667	0.681667	0.235333
0.615	0.638333	0.462667
0.854	0.089	0.510667
0.254667	0.498667	0.817
0.521333	0.691667	0.478
0.348333	0.588	0.712667
0.864667	0.489	0.0703333
0.798667	0.442333	0.396333
0.296	0.617667	0.712
0.122667	0.484667	0.848333
0.692333	0.656333	0.238667
0.500333	0.607	0.605333
0.217667	0.638667	0.737333
0.695	0.706333	0.057
0.433333	0.882667	0.117667
0.671667	0.474667	0.540333
0.595	0.452667	0.654
0.711667	0.696	0.0556667
0.285333	0.845667	0.413667
0.909333	0.327333	0.252333
0.258	0.844667	0.456333
0.550667	0.636667	0.519667
0.526	0.732333	0.407667
0.41	0.792	0.449
0.808667	0.446667	0.377
0.387667	0.658667	0.635
0.848333	0.167333	0.471
0.396333	0.290333	0.865
0.280333	0.829	0.475667
0.328667	0.838333	0.433667
0.609333	0.628667	0.474667
0.621	0.313	0.711333
0.0436667	0.055	0.995
0.0506667	0.855	0.506667
0.755	0.520667	0.365667
0.335	0.936333	0.089
0.312667	0.603667	0.732667
0.321667	0.872	0.368
0.416333	0.849333	0.282
0.657333	0.388	0.633
0.635	0.414333	0.618333
0.860667	0.475667	0.141667
0.782667	0.524	0.316667
0.819667	0.233	0.513667
0.084	0.95	0.290333
0.6	0.645333	0.440667
0.568333	0.770667	0.279
0.757	0.185	0.620667
0.228667	0.897333	0.360333
0.387	0.587333	0.7
0.361333	0.666333	0.634333
0.449	0.798667	0.389
0.784667	0.446333	0.418333
0.740333	0.584	0.306333
0.674333	0.0933333	0.731333
0.491	0.829333	0.250333
0.293333	0.0656667	0.952333
0.441333	0.735	0.512333
0.382333	0.326667	0.862333
0.208333	0.391	0.886
0.57	0.488	0.654667
0.555667	0.814667	0.136333
0.941667	0.0983333	0.317333
0.709	0.403333	0.577
0.648333	0.71	0.270333
0.955	0.269333	0.0303333
0.453	0.857667	0.182
0.150667	0.884333	0.438667
0.081	0.614333	0.775333
0.578667	0.601333	0.504333
0.244333	0.483	0.84
0.971	0.0446667	0.232
0.503	0.509667	0.686667
0.0913333	0.938333	0.324333
0.967333	0.237	0.0643333
0.753	0.365	0.533667
0.660333	0.0276667	0.737667
0.248	0.966333	0.0503333
0.331333	0.85	0.391667
0.385333	0.682	0.612667
0.132	0.0776667	0.987
0.140333	0.403	0.904333
0.246667	0.966	0.0666667
0.610333	0.249667	0.741
0.774333	0.407333	0.468333
0.677	0.728	0.102
0.243	0.374667	0.891667
0.582667	0.391333	0.711667
0.459667	0.876333	0.129
0.199333	0.908333	0.339
0.484667	0.447333	0.737333
0.425333	0.546667	0.718
0.276	0.898333	0.3
0.786667	0.248667	0.565
0.489667	0.867	0.00533333
0.313667	0.776333	0.519667
0.125667	0.557667	0.816667
0.6	0.674	0.427
0.212	0.388	0.888333
0.00866667	0.801	0.593667
0.236333	0.943	0.210667
0.758667	0.609	0.189667
0.532	0.674333	0.499667
0.423333	0.902333	0.067
0.532333	0.824	0.179
0.782333	0.256	0.556333
0.664	0.577333	0.469333
0.561	0.824667	0.049
0.812	0.484667	0.322667
0.737333	0.339667	0.556667
0.578333	0.611333	0.535
0.980333	0.146333	0.0866667
0.690333	0.300333	0.645333
0.475	0.574667	0.662
0.249	0.517	0.809667
0.443667	0.102667	0.889
0.0496667	0.118667	0.99
0.598333	0.334667	0.719667
0.550333	0.725667	0.411667
0.668333	0.189333	0.714667
0.278	0.539	0.779333
0.864667	0.388	0.308333
0.721	0.533	0.415667
0.594333	0.542333	0.549
0.214333	0.916333	0.319
0.899333	0.318	0.276667
0.763	0.625667	0.065
0.165333	0.23	0.954333
0.241	0.903	0.351
0.704333	0.263667	0.654
0.357	0.078	0.926
0.984667	0.164667	0.05
0.774333	0.485	0.389
0.724667	0.280667	0.621667
0.197333	0.932	0.289333
0.354667	0.857667	0.343333
0.718667	0.678667	0.134
0.771333	0.454667	0.440333
0.312667	0.832	0.438667
0.225667	0.336	0.903667
0.482333	0.296667	0.809333
0.468333	0.115667	0.868333
0.311333	0.672667	0.664
0.639333	0.671	0.334333
0.912333	0.267667	0.249667
0.0343333	0.056	0.997
0.297	0.796667	0.488333
0.606667	0.507667	0.589667
0.012	0.309667	0.946667
0.659667	0.660667	0.325667
0.889333	0.221333	0.390333
0.808333	0.360333	0.439667
0.012	0.680667	0.721333
0.332	0.844667	0.409
0.128	0.629333	0.753333
0.624667	0.342	0.679
0.0526667	0.429333	0.9
0.641667	0.484	0.577667
0.369	0.65	0.641333
0.71	0.340667	0.600667
0.784	0.206	0.572333
0.803667	0.252667	0.537667
0.120667	0.499	0.853
0.883667	0.337333	0.32
0.506667	0.756667	0.394667
0.559	0.662667	0.483333
0.411333	0.641667	0.632667
0.245	0.905667	0.328333
0.665333	0.167667	0.723
0.553	0.489333	0.661667
0.497667	0.486	0.709333
0.860667	0.495	0.0813333
0.288	0.361	0.878333
0.628333	0.645	0.430667
0.586	0.6	0.542667
0.824	0.559667	0.019
0.843333	0.399333	0.358333
0.573667	0.806333	0.102
0.347667	0.186333	0.914333
0.006	0.993	0.103333
0.012	0.839333	0.534333
0.057	0.516	0.853333
0.718333	0.597667	0.307333
0.077	0.644667	0.749667
0.769333	0.620667	0.135667
0.165667	0.814667	0.548333
0.128	0.985333	0.0513333
0.140667	0.514	0.834
0.872333	0.362333	0.307333
0.402333	0.856667	0.306
0.67	0.479667	0.558
0.838667	0.285667	0.435
0.745333	0.100667	0.655
0.778333	0.469333	0.39
0.311333	0.918667	0.212333
0.204667	0.0756667	0.975667
0.371333	0.700333	0.582
0.707667	0.413333	0.569
0.978	0.167	0.099
0.550667	0.424	0.709667
0.617333	0.773333	0.055
0.826	0.278667	0.470667
0.164667	0.979333	0.039
0.770667	0.386667	0.493667
0.763333	0.603667	0.167667
0.94	0.239	0.219333
0.695333	0.0853333	0.713333
0.393	0.194333	0.893333
0.190333	0.805667	0.548667
0.330333	0.437667	0.831333
0.502	0.707	0.477
0.9	0.0203333	0.434333
0.501	0.318	0.803667
0.958333	0.261	0.0436667
0.591	0.462667	0.644667
0.0436667	0.976667	0.204
0.087	0.527	0.831333
0.91	0.398667	0.021
0.349333	0.685	0.616
0.529667	0.162	0.832
0.660667	0.648667	0.362
0.48	0.765333	0.408333
0.855667	0.431333	0.257333
0.954	0.299667	0.00466667
0.518	0.541	0.649667
0.494333	0.863	0.0363333
0.289333	0.385	0.867
0.246	0.449	0.858333
0.191333	0.186333	0.960333
0.522	0.811667	0.249333
0.373667	0.856	0.319333
0.422	0.886333	0.125
0.471	0.514	0.706333
0.395333	0.083	0.907667
0.943333	0.145333	0.28
0.455333	0.559	0.679667
0.649667	0.598	0.422667
0.358667	0.599	0.698
0.490667	0.51	0.702
0.513667	0.308667	0.777333
0.935333	0.18	0.277667
0.685667	0.640667	0.316333
0.908333	0.409333	0.0166667
0.647667	0.748333	0.106333
0.678667	0.694	0.208667
0.71	0.589	0.380667
0.605333	0.778333	0.121
0.499667	0.831333	0.228
0.761	0.539667	0.344333
0.957333	0.212	0.160333
0.538667	0.289333	0.777667
0.575667	0.474667	0.658
0.675	0.369333	0.616333
0.901333	0.126667	0.394667
0.890333	0.273	0.338
0.686	0.350333	0.625667
0.601	0.315333	0.728333
0.59	0.317667	0.735333
0.331667	0.839667	0.419667
0.718	0.261333	0.635333
0.187	0.936667	0.266
0.583333	0.696333	0.388333
0.115	0.958333	0.250333
0.252333	0.907333	0.319667
0.825333	0.368	0.393667
0.556667	0.720667	0.381333
0.444667	0.791667	0.395
0.597	0.630333	0.475333
0.898	0.406667	0.105
0.401	0.804333	0.437333
0.411667	0.860667	0.293667
0.795	0.0723333	0.589333
0.625667	0.214	0.747
0.572	0.721667	0.367667
0.378333	0.254333	0.883
0.247333	0.763333	0.585333
0.093	0.321	0.942333
0.764	0.633667	0.00366667
0.877333	0.0406667	0.465667
0.359	0.603333	0.686667
0.0263333	0.947667	0.294
0.825	0.309	0.457
0.476667	0.829667	0.282333
0.237	0.948	0.196333
0.364667	0.612333	0.685667
0.762667	0.342	0.535667
0.372333	0.622	0.668
0.880333	0.463667	0.0753333
0.591333	0.355667	0.712333
0.632333	0.047	0.767
0.444333	0.235	0.860667
0.658	0.458333	0.579
0.836667	0.305667	0.448667
0.277333	0.401	0.865333
0.410667	0.801333	0.428333
0.679333	0.722667	0.0396667
0.303	0.422667	0.845
0.773	0.384	0.481667
0.889667	0.146333	0.423333
0.268	0.462333	0.839667
0.543	0.230667	0.795667
0.485667	0.805667	0.317333
0.335	0.854333	0.370333
0.178	0.706	0.666
0.558	0.645333	0.513667
0.446333	0.867667	0.168333
0.102	0.988667	0.096
0.0943333	0.924	0.36
0.450667	0.229	0.862333
0.499667	0.469	0.716333
0.53	0.840667	0.016
0.882	0.224667	0.394333
0.968667	0.230333	0.0516667
0.957	0.155667	0.239
0.412	0.372	0.823
0.839667	0.519333	0.0803333
0.16	0.707667	0.671667
0.284333	0.882333	0.356667
0.845667	0.529333	0.0366667
0.491	0.259333	0.83
0.104333	0.697	0.702333
0.508333	0.849	0.111667
0.592667	0.506667	0.618
0.923333	0.277	0.23
0.817	0.242333	0.504
0.954	0.272667	0.0653333
0.457333	0.519333	0.7
0.609667	0.375333	0.696
0.688	0.694	0.141667
0.195	0.455	0.866667
0.199333	0.417667	0.886333
0.514667	0.292333	0.783
0.132333	0.979	0.131667
0.683	0.0726667	0.716667
0.567333	0.196333	0.791667
0.859667	0.131	0.473
0.107667	0.967	0.208333
0.714	0.330667	0.599667
0.511667	0.500333	0.694333
0.824333	0.397667	0.393
0.501333	0.278667	0.819
0.794667	0.373	0.470333
0.361667	0.854667	0.357667
0.406	0.647333	0.632
0.522667	0.629	0.552
0.882333	0.445333	0.0983333
0.250333	0.782	0.564333
0.643333	0.659667	0.388
0.331	0.552333	0.760667
0.294667	0.544667	0.776333
0.742	0.0586667	0.658
0.955333	0.266	0.102
0.664	0.152	0.731333
0.345	0.562333	0.741333
0.477667	0.796667	0.345333
0.669333	0.647667	0.337333
0.227667	0.746	0.598
0.349	0.283333	0.885333
0.326	0.100667	0.929333
0.632667	0.706333	0.301667
0.003	0.721333	0.684333
0.447	0.547333	0.689667
0.443333	0.616667	0.645333
0.805	0.413667	0.401667
0.483333	0.553333	0.661667
0.947	0.17	0.271667
0.847	0.508667	0.134
0.801	0.109333	0.573
0.191667	0.976	0.0846667
0.821	0.394	0.412333
0.717667	0.597	0.307667
0.0166667	0.988667	0.135667
0.598	0.0576667	0.788333
0.388333	0.285333	0.875667
0.379333	0.647333	0.654
0.413	0.899	0.140333
0.595	0.59	0.524
0.633	0.465333	0.604667
0.745	0.652	0.104
0.160333	0.892333	0.402
0.154333	0.538	0.816
0.014	0.491333	0.868333
0.355333	0.771667	0.516667
0.525667	0.718667	0.429
0.735333	0.4	0.538333
0.722333	0.493	0.461333
0.333667	0.197	0.915
0.711	0.464333	0.500667
0.623667	0.058	0.772667
0.551	0.447	0.688333
0.309667	0.903	0.287
0.475667	0.873667	0.0306667
0.361	0.528	0.741333
0.555	0.717333	0.403667
0.832333	0.511667	0.163
0.196	0.352667	0.911
0.128333	0.988	0.0246667
0.143	0.562333	0.811
0.829667	0.0506667	0.540667
0.325333	0.469667	0.814
0.907	0.153333	0.366333
0.402333	0.232	0.873
0.179333	0.196333	0.960333
0.161	0.731667	0.644333
0.680333	0.677333	0.231333
0.444	0.857333	0.232333
0.920333	0.295667	0.216
0.619333	0.501	0.601333
0.157333	0.745667	0.638333
0.194	0.948333	0.177
0.708667	0.170667	0.674333
0.781667	0.219667	0.568333
0.791	0.550333	0.204
0.687	0.698	0.195333
0.908667	0.279333	0.304667
0.437	0.822667	0.351333
0.767333	0.525667	0.356
0.444	0.599	0.645
0.504667	0.788667	0.349667
0.819	0.547	0.113667
0.676333	0.389333	0.614667
0.947667	0.221	0.199333
0.547	0.652	0.513333
0.450333	0.62	0.635
0.957667	0.232	0.115333
0.205667	0.839667	0.480333
0.809333	0.375	0.438667
0.373333	0.676	0.616667
0.736333	0.566333	0.348667
0.0356667	0.00966667	0.998333
0.453333	0.0293333	0.887333
0.599667	0.386333	0.678
0.371	0.599667	0.693
0.288	0.920667	0.218
0.608667	0.749333	0.195
0.369667	0.255333	0.880667
0.304667	0.476667	0.815333
0.635333	0.224333	0.737333
0.094	0.96	0.253667
0.739667	0.251	0.619667
0.765333	0.548	0.307667
0.733667	0.0323333	0.671333
0.789	0.507667	0.332333
0.405	0.314667	0.845667
0.538	0.807	0.242
0.168667	0.759333	0.614667
0.586667	0.591667	0.545667
0.712	0.490333	0.493
0.952667	0.0886667	0.280333
0.497333	0.751	0.427333
0.953	0.0826667	0.271667
0.197667	0.930333	0.295667
0.82	0.179667	0.531667
0.736333	0.633667	0.174333
0.693333	0.247667	0.661
0.443	0.894333	0.047
0.413667	0.862333	0.238
0.0226667	0.670667	0.736667
0.226333	0.849	0.461
0.891667	0.222667	0.376
0.233667	0.968333	0.0273333
0.744667	0.661667	0.0263333
0.202333	0.277667	0.935
0.727	0.425	0.51
0.117333	0.214	0.969
0.288	0.879667	0.349333
0.317667	0.812667	0.465667
0.227333	0.0656667	0.966333
0.671333	0.383333	0.627667
0.118667	0.126	0.98
0.203	0.753333	0.624667
0.459667	0.401333	0.791333
0.107333	0.674667	0.722
0.705667	0.703	0.0653333
0.827333	0.273	0.470333
0.758	0.257	0.591
0.532667	0.816	0.201667
0.846	0.516333	0.014
0.808	0.251	0.523667
0.536667	0.200333	0.804
0.235667	0.177	0.945667
0.159333	0.906667	0.373667
0.389667	0.765667	0.481667
0.647333	0.388333	0.632333
0.384333	0.581667	0.708
0.155	0.966333	0.195
0.964	0.252333	0.0266667
0.421667	0.474667	0.760667
0.615667	0.75	0.187333
0.211333	0.967	0.0773333
0.162333	0.410667	0.896333
0.954667	0.27	0.0436667
0.05	0.93	0.355333
0.716333	0.328	0.613333
0.386667	0.700667	0.578333
0.185667	0.262667	0.939333
0.708333	0.245	0.656333
0.618	0.452	0.620333
0.066	0.991	0.072
0.447667	0.484	0.741
0.911	0.103	0.392667
0.137667	0.802333	0.577333
0.697	0.143667	0.686333
0.620333	0.492333	0.587333
0.733333	0.610333	0.238667
0.746	0.202333	0.611
0.493667	0.670333	0.553
0.399667	0.297	0.851333
0.769333	0.399667	0.49
0.939333	0.270667	0.166
0.056	0.439667	0.892333
0.851333	0.122333	0.497333
0.988333	0.0843333	0.0853333
0.965333	0.0606667	0.236667
0.201333	0.782667	0.579
0.549333	0.743	0.362333
0.186	0.042	0.981333
0.838	0.534333	0.0196667
0.857333	0.475333	0.161
0.754667	0.558	0.314667
0.267333	0.479	0.834
0.545	0.823667	0.152667
0.582333	0.752333	0.294667
0.530333	0.0783333	0.838667
0.018	0.334333	0.942
0.808333	0.121333	0.57
0.428667	0.827667	0.347
0.96	0.215333	0.153667
0.195667	0.181333	0.956333
0.331667	0.524667	0.781
0.007	0.872333	0.482667
0.336333	0.626333	0.698667
0.953	0.233667	0.178333
0.322333	0.416	0.841667
0.396667	0.525	0.749
0.505667	0.847667	0.13
0.108	0.727667	0.663667
0.02	0.773667	0.625333
0.558333	0.0393333	0.816333
0.112	0.877333	0.459333
0.0733333	0.71	0.685
0.623667	0.674	0.354
0.0643333	0.197333	0.974333
0.537333	0.798	0.271
0.538667	0.756333	0.366333
0.366333	0.636333	0.663667
0.08	0.155667	0.98
0.290333	0.653333	0.694667
0.407	0.576	0.685333
0.474667	0.533667	0.681333
0.221	0.499	0.828333
0.592333	0.638667	0.459667
0.709333	0.225333	0.638333
0.142333	0.675333	0.704
0.119667	0.893667	0.421333
0.878	0.453667	0.0976667
0.787333	0.454333	0.388333
0.61	0.113667	0.776667
0.436667	0.86	0.246
0.091	0.256	0.960333
0.64	0.242333	0.727
0.381333	0.883	0.253333
0.174333	0.161333	0.968
0.115333	0.904667	0.393333
0.894	0.405667	0.164667
0.46	0.853333	0.235
0.812667	0.116	0.555
0.492	0.639333	0.590667
0.195333	0.864667	0.449333
0.972	0.199333	0.0513333
0.635	0.00833333	0.761
0.137667	0.417	0.89
0.855667	0.242	0.442
0.919667	0.370333	0.0643333
0.339667	0.624333	0.691333
0.481	0.801	0.323
0.160667	0.962333	0.198333
0.536667	0.705667	0.444667
0.776333	0.579	0.227
0.695333	0.688667	0.129333
0.718667	0.311667	0.614667
0.731	0.0693333	0.672667
0.77	0.422333	0.468667
0.853667	0.300333	0.398
0.711667	0.569667	0.393
0.897667	0.223333	0.346
0.368	0.648667	0.649
0.929667	0.202667	0.298333
0.972333	0.181667	0.0926667
0.353	0.286333	0.881
0.647	0.588333	0.482333
0.478667	0.666667	0.566333
0.168333	0.084	0.974
0.629333	0.136667	0.759333
0.925	0.131333	0.35
0.895667	0.419	0.119333
0.0516667	0.959	0.258333
0.692333	0.394667	0.595333
0.775333	0.424333	0.435667
0.342667	0.718333	0.590333
0.921667	0.257333	0.276667
0.636667	0.709667	0.274
0.608333	0.785667	0.0823333
0.870667	0.456333	0.129
0.919	0.339	0.148
0.932	0.0383333	0.346
0.783333	0.617	0.0733333
0.465	0.417667	0.759667
0.837333	0.496667	0.221
0.574667	0.363	0.719667
0.654	0.662333	0.362
0.518	0.85	0.002
0.792333	0.576	0.123333
0.325	0.630333	0.693
0.141	0.383333	0.909333
0.812667	0.173333	0.551667
0.447333	0.875333	0.165667
0.655	0.677667	0.307
0.704667	0.133667	0.676333
0.115	0.52	0.843333
0.762667	0.315	0.56
0.938333	0.317333	0.0903333
0.664667	0.654667	0.334
0.160667	0.673667	0.696667
0.275667	0.0196667	0.957667
0.682667	0.294	0.649
0.628	0.514333	0.569333
0.789	0.179667	0.584333
0.0913333	0.861333	0.477
0.587333	0.755333	0.281333
0.877	0.437667	0.170333
0.422667	0.704	0.566333
0.544333	0.264333	0.787667
0.608	0.265333	0.742333
0.948667	0.27	0.143333
0.757	0.558333	0.296333
0.859333	0.504	0.0296667
0.398667	0.736	0.542333
0.897333	0.049	0.435
0.886	0.309	0.309
0.776667	0.614667	0.078
0.703	0.328333	0.613667
0.459333	0.517333	0.707333
0.601	0.531667	0.546
0.382333	0.789667	0.452333
0.479667	0.689333	0.536333
0.306667	0.738	0.575667
0.706667	0.211	0.674667
0.335	0.692	0.638
0.738333	0.517667	0.419333
0.260333	0.0483333	0.959333
0.18	0.658667	0.722333
0.761333	0.369	0.507667
0.736333	0.0126667	0.661667
0.279667	0.82	0.476333
0.574	0.640667	0.490667
0.937667	0.239	0.236667
0.0196667	0.891	0.453
0.887667	0.451333	0.033
0.877667	0.00366667	0.474667
0.253	0.932667	0.220667
0.280667	0.711333	0.625333
0.650333	0.0456667	0.750333
0.633333	0.377333	0.667
0.463	0.31	0.829
0.720667	0.511333	0.447333
0.478667	0.163667	0.856333
0.206667	0.569333	0.795
0.606667	0.737667	0.267333
0.749667	0.275	0.586333
0.35	0.859333	0.358333
0.913	0.309	0.232
0.714	0.408	0.552333
0.124333	0.970333	0.168
0.359	0.539333	0.754333
0.989	0.015	0.142667
0.475333	0.732	0.473
0.731	0.553333	0.387333
0.841667	0.335	0.404667
0.372667	0.472333	0.796667
0.0766667	0.594667	0.791667
0.555	0.721333	0.383
0.362667	0.0436667	0.923333
0.793667	0.313333	0.516333
0.572333	0.703	0.399333
0.606333	0.208667	0.752333
0.720667	0.205333	0.657667
0.377667	0.18	0.906333
0.594667	0.279333	0.743667
0.778	0.518	0.349
0.938667	0.261333	0.2
0.018	0.463333	0.88
0.85	0.120333	0.504333
0.721	0.138	0.667
0.888667	0.448333	0.0273333
0.102667	0.307333	0.936
0.421333	0.48	0.754667
0.853333	0.165667	0.491
0.591667	0.732667	0.270333
0.768	0.205333	0.596333
0.284667	0.945333	0.143
0.56	0.768	0.291
0.566333	0.785333	0.242667
0.29	0.69	0.659667
0.882	0.217667	0.398
0.896667	0.425667	0.0436667
0.633667	0.180333	0.752
0.832	0.310667	0.449333
0.477	0.331667	0.808
0.458667	0.868	0.141
0.896	0.187667	0.393333
0.992667	0.0376667	0.0683333
0.160333	0.304	0.937
0.454667	0.886667	0.051
0.629333	0.373333	0.670333
0.301	0.828667	0.459667
0.0473333	0.838	0.538667
0.501	0.79	0.324333
0.042	0.808	0.582333
0.772	0.304	0.534667
0.589333	0.792667	0.0833333
0.971333	0.199	0.129
0.923667	0.330333	0.156667
0.596333	0.052	0.797333
0.557	0.814	0.106333
0.815	0.326333	0.445
0.445333	0.685333	0.542667
0.659333	0.625	0.4
0.970667	0.0453333	0.227333
0.794667	0.462667	0.373
0.679333	0.273667	0.673
0.798	0.00933333	0.596667
0.579667	0.632	0.484333
0.165333	0.377667	0.907333
0.659667	0.0713333	0.734333
0.778	0.455	0.433
0.486	0.404667	0.765333
0.612	0.337333	0.708667
0.291	0.797667	0.499667
0.891	0.325333	0.268333
0.346667	0.633333	0.679667
0.226	0.570333	0.787
0.346	0.860333	0.356333
0.816667	0.377	0.429
0.869667	0.251333	0.396667
0.34	0.865667	0.366
0.35	0.867	0.329333
0.526	0.579667	0.617333
0.075	0.420667	0.894333
0.408333	0.588667	0.684
0.161667	0.401667	0.898667
0.556667	0.747667	0.354333
0.673667	0.231667	0.683667
0.985667	0.134	0.102333
0.608333	0.706667	0.312333
0.512667	0.631	0.561
0.383333	0.569	0.716667
0.167667	0.772	0.595667
0.843333	0.183	0.482667
0.247	0.422667	0.851667
0.776	0.605	0.155
0.338333	0.851333	0.378
0.482333	0.550333	0.664667
0.760333	0.629	0.0533333
0.464	0.481	0.738667
0.577667	0.769667	0.259333
0.873333	0.467667	0.091
0.594333	0.512667	0.594667
0.736667	0.163	0.646667
0.671667	0.721667	0.132333
0.656333	0.660667	0.357667
0.389	0.893667	0.163
0.468333	0.505667	0.72
0.387667	0.906	0.057
0.994333	0.073	0.0616667
0.362667	0.595	0.708667
0.510667	0.14	0.835333
0.0993333	0.66	0.736667
0.332333	0.525333	0.78
0.0916667	0.233333	0.967667
0.863333	0.349333	0.351667
0.131	0.221333	0.96
0.399667	0.452333	0.792
0.427	0.454	0.762
0.876	0.405	0.242667
0.946333	0.305	0.0566667
0.309333	0.431667	0.837333
0.890333	0.0403333	0.448333
0.795667	0.383667	0.459667
0.809667	0.266667	0.499
0.399667	0.535667	0.719333
0.648333	0.625	0.417667
0.342	0.292667	0.882333
0.548333	0.656667	0.499333
0.637333	0.251333	0.716333
0.173333	0.318333	0.925667
0.683333	0.712333	0.136667
0.506	0.433667	0.73
0.492667	0.222667	0.831333
0.724	0.0743333	0.684
0.805	0.487333	0.332
0.102667	0.965	0.236
0.359667	0.890333	0.267333
0.528	0.844333	0.0386667
0.592333	0.541333	0.561667
0.553	0.552667	0.602333
0.488333	0.406333	0.756333
0.214	0.342667	0.907667
0.579333	0.697	0.395
0.203	0.146667	0.968
0.435667	0.553667	0.699
0.959667	0.192667	0.161667
0.150667	0.983333	0.0626667
0.43	0.875333	0.216333
0.398	0.884	0.213667
0.679	0.540667	0.485667
0.797667	0.537	0.262667
0.375333	0.822333	0.414
0.877667	0.257333	0.382333
0.133667	0.441333	0.881
0.245333	0.954667	0.0923333
0.351	0.478667	0.794333
0.493	0.605	0.614
0.322333	0.84	0.425333
0.98	0.170333	0.0733333
0.069	0.925333	0.358667
0.585333	0.573667	0.549
0.856667	0.230333	0.432
0.668333	0.199333	0.704667
0.377667	0.483	0.788
0.525333	0.642	0.538333
0.0333333	0.931667	0.349667
0.698333	0.704	0.0213333
0.703	0.102	0.701333
0.737333	0.227667	0.631667
0.944667	0.304667	0.0833333
0.444333	0.722667	0.522667
0.884667	0.00166667	0.463
0.502	0.553333	0.658333
0.768	0.625333	0.0883333
0.371333	0.244667	0.892667
0.487667	0.713667	0.478667
0.305	0.845333	0.409333
0.103333	0.15	0.976
0.825	0.315667	0.440333
0.371667	0.613667	0.677333
0.526333	0.781667	0.291
0.310333	0.772333	0.551667
0.536667	0.409333	0.731667
0.138	0.0253333	0.99
0.767333	0.349333	0.531333
0.209333	0.848333	0.479333
0.439667	0.420333	0.791
0.0143333	0.624	0.78
0.287667	0.709	0.626333
0.143	0.700667	0.694667
0.606667	0.759	0.221333
0.180333	0.0716667	0.976667
0.709333	0.0466667	0.695333
0.589	0.226	0.763333
0.152	0.042	0.986333
0.511667	0.803333	0.294333
0.742667	0.192	0.633
0.696667	0.333	0.631
0.304333	0.944	0.0726667
0.937667	0.339333	0.0126667
0.817	0.535667	0.185
0.612667	0.309667	0.727
0.528667	0.804667	0.269
0.368667	0.0413333	0.923667
0.296667	0.900667	0.292333
0.0496667	0.961667	0.253
0.327667	0.922	0.154
0.569	0.756	0.295
0.274333	0.467667	0.829333
0.583333	0.579	0.557333
0.100333	0.947333	0.289
0.230667	0.874667	0.423333
0.225667	0.302333	0.923
0.404333	0.873667	0.260667
0.132	0.642	0.745
0.761667	0.556333	0.315667
0.889333	0.385333	0.223333
0.792333	0.591667	0.0893333
0.672667	0.656667	0.311667
0.340333	0.731	0.591333
0.752	0.264	0.578667
0.220333	0.958333	0.122667
0.261	0.254667	0.924667
0.517667	0.768	0.346667
0.682667	0.178	0.697
0.743333	0.649	0.141667
0.623667	0.344	0.700333
0.305	0.930667	0.158333
0.784667	0.0706667	0.611333
0.944667	0.284667	0.142667
0.156667	0.199	0.961333
0.655667	0.753667	0.00566667
0.0396667	0.019	0.995333
0.242	0.738667	0.608333
0.244	0.518	0.809667
0.735667	0.3	0.582667
0.751333	0.626	0.169
0.721667	0.340333	0.598333
0.866667	0.448	0.154
0.671667	0.547667	0.450333
0.913	0.0973333	0.381667
0.678667	0.365333	0.611333
0.338	0.925	0.150333
0.004	0.995667	0.0886667
0.908667	0.392	0.102667
0.583667	0.447333	0.655667
0.114333	0.915	0.382667
0.3	0.257333	0.916
0.117333	0.669667	0.729333
0.282333	0.693333	0.645333
0.729	0.463333	0.463667
0.0336667	0.366667	0.926333
0.741333	0.661333	0.0883333
0.438333	0.837333	0.284333
0.803667	0.0433333	0.588
0.936667	0.328	0.049
0.755667	0.306333	0.562667
0.985	0.000666667	0.152667
0.388	0.203333	0.891333
0.421333	0.640667	0.636333
0.901667	0.424333	0.051
0.0356667	0.691667	0.712
0.604	0.754333	0.225333
0.641	0.52	0.536667
0.305667	0.691667	0.647333
0.486333	0.631667	0.598
0.334667	0.471667	0.799667
0.237667	0.809667	0.535667
0.743333	0.5	0.434333
0.694	0.176667	0.691667
0.634667	0.283667	0.693667
0.502333	0.819	0.271667
0.584	0.650667	0.475667
0.168667	0.967333	0.143333
0.588333	0.401333	0.683
0.801333	0.549333	0.180667
0.934333	0.281	0.217667
0.244	0.401333	0.882
0.388667	0.179	0.9
0.585	0.195667	0.781
0.375667	0.508333	0.763
0.664333	0.169	0.719333
0.554333	0.285333	0.78
0.44	0.447667	0.766
0.768667	0.202667	0.585667
0.865333	0.267333	0.421333
0.482667	0.0283333	0.867667
0.801667	0.144667	0.556
0.702	0.534	0.438667
0.0213333	0.544667	0.837667
0.838667	0.381333	0.369333
0.475333	0.682667	0.543
0.291333	0.897667	0.311333
0.944333	0.243	0.196667
0.724667	0.501	0.420333
0.219333	0.707	0.661
0.415	0.122667	0.893667
0.787667	0.238	0.545667
0.391333	0.689667	0.603667
0.438333	0.212	0.869333
0.409333	0.524667	0.734333
0.865667	0.413	0.267333
0.652	0.404667	0.619667
0.566667	0.0966667	0.810667
0.72	0.12	0.670333
0.529667	0.435667	0.719667
0.495	0.196	0.838667
0.182333	0.976667	0.078
0.327	0.936333	0.0896667
0.272667	0.733667	0.610667
0.744333	0.368667	0.538333
0.932333	0.345667	0.074
0.418333	0.727333	0.522333
0.699667	0.138333	0.693
0.484333	0.464667	0.736
0.215667	0.759	0.611333
0.802667	0.233	0.542333
0.788333	0.592	0.126333
0.034	0.883667	0.464
0.85	0.493667	0.135
0.189667	0.354	0.91
0.207667	0.958667	0.136667
0.13	0.675333	0.706
0.456	0.761333	0.449333
0.472333	0.551667	0.681
0.823667	0.291333	0.475333
0.593667	0.573	0.559333
0.503667	0.062	0.858
0.491333	0.788	0.350333
0.681	0.507333	0.503
0.294333	0.120333	0.940667
0.918333	0.341667	0.143667
0.447667	0.777333	0.421
0.687667	0.710333	0.123
0.832667	0.524667	0.134667
0.0666667	0.411333	0.9
0.671667	0.406	0.594
0.199333	0.0873333	0.973
0.179	0.506667	0.833333
0.271667	0.868	0.394333
0.0706667	0.268	0.957667
0.456333	0.416333	0.768
0.616667	0.689667	0.374667
0.414	0.575667	0.7
0.168333	0.912667	0.364333
0.783667	0.25	0.562
0.727	0.032	0.685
0.278667	0.896333	0.325667
0.529667	0.289667	0.793667
0.351333	0.451333	0.803667
0.241	0.322	0.900333
0.107667	0.744667	0.657
0.705667	0.676333	0.19
0.092	0.729	0.671667
0.353667	0.404333	0.841667
0.674333	0.546667	0.465
0.336333	0.581	0.741
0.406	0.09	0.902333
0.362333	0.793333	0.464333
0.007	0.347333	0.933667
0.643	0.487	0.564333
0.597	0.682667	0.383333
0.568667	0.288333	0.766
0.266	0.575667	0.754333
0.995333	0.0256667	0.0233333
0.547667	0.705333	0.422
0.277333	0.951667	0.108333
0.803333	0.492333	0.322333
0.780333	0.317	0.530333
0.394667	0.546333	0.724667
0.28	0.782667	0.555
0.810667	0.189667	0.548667
0.577667	0.124667	0.804667
0.276667	0.953	0.0933333
0.767333	0.565333	0.274
0.950333	0.164333	0.237333
0.101	0.818333	0.557667
0.499333	0.859	0.005
0.829667	0.203667	0.512333
0.569	0.781333	0.256333
0.696333	0.285667	0.651
0.832333	0.23	0.485
0.512667	0.748	0.397333
0.477	0.835667	0.225333
0.239	0.691333	0.667667
0.213333	0.841	0.478333
0.497667	0.864	0.0243333
0.645333	0.215	0.732333
0.703333	0.125	0.692
0.00366667	0.938	0.345
0.164333	0.952667	0.246333
0.833333	0.457667	0.256
0.363667	0.746667	0.533
0.412667	0.325333	0.841333
0.148	0.861333	0.471333
0.678	0.574667	0.437333
0.125333	0.291667	0.943667
0.348	0.137333	0.916
0.818667	0.233	0.519333
0.349667	0.806	0.466333
0.601	0.238	0.762333
0.425333	0.274	0.853333
0.627	0.439	0.61
0.572	0.780667	0.245
0.857333	0.0486667	0.508667
0.536333	0.760667	0.353333
0.611	0.708	0.279333
0.351333	0.725	0.571333
0.214	0.687333	0.687
0.281667	0.284667	0.912
0.136333	0.583	0.786333
0.734	0.0573333	0.662667
0.0543333	0.737	0.666333
0.669	0.233667	0.689333
0.57	0.241667	0.779333
0.580333	0.761667	0.256
0.506333	0.496333	0.694667
0.439667	0.381333	0.811667
0.591	0.745	0.289333
0.23	0.128667	0.963333
0.957667	0.251667	0.09
0.877333	0.295667	0.368
0.883333	0.177333	0.415667
0.188667	0.505333	0.838
0.421	0.0373333	0.905
0.885	0.0783333	0.453333
0.594	0.783	0.183333
0.668	0.738667	0.008
0.625667	0.559	0.512333
0.121333	0.309	0.929
0.672667	0.625	0.39
0.354667	0.282667	0.890333
0.717333	0.351667	0.588333
0.67	0.617	0.405667
0.797667	0.371	0.447
0.235333	0.935667	0.248333
0.457667	0.372333	0.795
0.471333	0.512333	0.704333
0.550333	0.0533333	0.826333
0.297	0.499667	0.803
0.162	0.829	0.531667
0.880333	0.125667	0.433667
0.268	0.708667	0.628
0.653333	0.0533333	0.747
0.568333	0.797333	0.147667
0.310333	0.934	0.13
0.411667	0.718	0.533
0.696	0.714333	0.0173333
0.769667	0.53	0.340667
0.336667	0.275	0.897333
0.569667	0.526	0.626333
0.334	0.652667	0.676667
0.895	0.373333	0.216333
0.531333	0.657667	0.517667
0.459333	0.733	0.474667
0.065	0.978667	0.178
0.866	0.0986667	0.483333
0.110667	0.591333	0.796333
0.659	0.632667	0.399333
0.904667	0.345	0.200333
0.431	0.726	0.515667
0.833333	0.341333	0.429667
0.342667	0.435333	0.810333
0.320333	0.491333	0.796333
0.192	0.966667	0.137333
0.141667	0.787667	0.595333
0.03	0.467333	0.874
0.770667	0.626667	0.053
0.424667	0.791333	0.435
0.564667	0.164667	0.803333
0.619	0.776667	0.0326667
0.752	0.478333	0.42
0.423667	0.174333	0.877667
0.0556667	0.921333	0.381
0.877333	0.334667	0.327667
0.426	0.809333	0.403667
0.133667	0.242333	0.958333
0.605	0.698333	0.369667
0.867	0.402333	0.249333
0.692333	0.337667	0.625333
0.864333	0.219333	0.437667
0.145	0.953	0.258667
0.613333	0.106667	0.776667
0.665333	0.286667	0.681333
0.299	0.773	0.548667
0.194667	0.967667	0.116333
0.143333	0.940667	0.285
0.673667	0.466333	0.545
0.945	0.233333	0.195
0.116667	0.526667	0.835
0.820333	0.505667	0.220667
0.293667	0.941333	0.149333
0.684333	0.644667	0.334
0.0466667	0.847333	0.52
0.564333	0.731667	0.349
0.314667	0.586333	0.728667
0.877333	0.257	0.384333
0.98	0.0313333	0.173
0.434333	0.359333	0.818
0.251	0.671333	0.685
0.407667	0.276	0.853667
0.349667	0.896333	0.243667
0.347667	0.928333	0.120667
0.118333	0.350333	0.925667
0.648667	0.510667	0.551333
0.551333	0.733	0.387667
0.479667	0.00866667	0.876667
0.122667	0.623333	0.758333
0.193667	0.456	0.868
0.411	0.019	0.909667
0.686667	0.296	0.647667
0.349667	0.598333	0.711
0.437667	0.703667	0.551333
0.727	0.595333	0.278667
0.208333	0.533	0.811333
0.631	0.725	0.248
0.291333	0.483333	0.808667
0.353333	0.624667	0.674667
0.147333	0.887	0.422667
0.198	0.771333	0.594
0.379	0.837667	0.369667
0.381667	0.919667	0.082
0.845333	0.413667	0.326667
0.423333	0.292	0.851
0.385333	0.334333	0.853333
0.66	0.732667	0.0443333
0.629333	0.765	0.119667
0.594	0.131667	0.790667
0.250333	0.584	0.753667
0.851333	0.294	0.422333
0.320667	0.398333	0.855667
0.379	0.683667	0.604667
0.300333	0.609333	0.73
0.632333	0.764333	0.0363333
0.515333	0.589333	0.601
0.133	0.545	0.827
0.844667	0.281667	0.443333
0.585333	0.627	0.488667
0.667667	0.248667	0.687
0.651	0.447667	0.601
0.227	0.849	0.452333
0.265	0.521667	0.802667
0.549333	0.180333	0.806333
0.116333	0.989667	0.0536667
0.225667	0.46	0.851667
0.294	0.38	0.874
0.537667	0.431	0.724
0.727333	0.527667	0.405333
0.884333	0.160333	0.414
0.465333	0.878333	0.0173333
0.746667	0.154333	0.625333
0.851	0.426333	0.282
0.527	0.0416667	0.846333
0.795	0.543333	0.251333
0.331333	0.256667	0.898
0.610667	0.490333	0.603667
0.514	0.799333	0.295667
0.233333	0.874	0.416
0.182333	0.924	0.323667
0.115333	0.738667	0.660667
0.510667	0.479	0.706333
0.714667	0.263	0.629333
0.805333	0.489	0.270333
0.446667	0.888333	0.0333333
0.532	0.455	0.695333
0.661667	0.710667	0.232333
0.728333	0.344333	0.564333
0.32	0.096	0.939667
0.738333	0.650667	0.145
0.576333	0.589	0.565
0.108	0.983	0.108
0.386	0.461333	0.795667
0.655667	0.562	0.503
0.522667	0.822333	0.189667
0.652333	0.752333	0.0426667
0.250333	0.714333	0.618667
0.471	0.877667	0.0463333
0.260667	0.823	0.491
0.738333	0.356333	0.552
0.216	0.55	0.801667
0.734	0.0293333	0.674667
0.733	0.661667	0.0996667
0.643333	0.219	0.733
0.658333	0.535667	0.507
0.662667	0.423	0.596
0.710667	0.553	0.428333
0.546333	0.142333	0.822333
0.272333	0.432667	0.849333
0.784	0.414	0.452333
0.457333	0.053	0.879
0.41	0.522333	0.728
0.499333	0.853333	0.127333
0.844333	0.0423333	0.523
0.319667	0.924333	0.158333
0.108	0.84	0.517333
0.359667	0.877333	0.304333
0.338	0.852	0.381
0.677333	0.359667	0.615333
0.340333	0.0726667	0.937
0.086	0.524	0.841667
0.264333	0.891667	0.353667
0.74	0.451667	0.486333
0.541667	0.282333	0.785667
0.82	0.469	0.288333
0.862333	0.492	0.027
0.634333	0.664667	0.379667
0.649667	0.523	0.528667
0.290667	0.914667	0.231667
0.661667	0.657	0.318667
0.190333	0	0.981667
0.424667	0.301667	0.835333
0.887333	0.275	0.341333
0.247	0.630333	0.721
0.603	0.665333	0.421333
0.278	0.409	0.858333
0.233667	0.782333	0.574333
0.532333	0.839667	0.0623333
0.253667	0.772667	0.576667
0.548	0.776	0.274667
0.319333	0.127333	0.923667
0.573	0.592	0.558667
0.479	0.0316667	0.865333
0.327	0.00633333	0.940667
0.940333	0.209667	0.263333
0.185	0.899333	0.390333
0.776333	0.0813333	0.617667
0.0603333	0.850333	0.515333
0.135333	0.848	0.512333
0.697667	0.703667	0.083
0.418333	0.835	0.312333
0.940333	0.101	0.318333
0.742333	0.588	0.256
0.895333	0.42	0.13
0.714667	0.007	0.694
0.488333	0.722667	0.471667
0.573667	0.751667	0.319667
0.969	0.230333	0.0376667
0.418667	0.618	0.661333
0.523333	0.580333	0.612
0.318333	0.727	0.596
0.748667	0.614	0.189
0.512333	0.599333	0.608
0.810667	0.28	0.491
0.663333	0.345667	0.634
0.428	0.0763333	0.892
0.438333	0.535333	0.701333
0.0373333	0.878	0.470667
0.0376667	0.861	0.486667
0.848333	0.361	0.335
0.117667	0.820667	0.547333
0.908	0.414667	0.0176667
0.858	0.455667	0.145333
0.886667	0.397333	0.229
0.849667	0.276	0.436333
0.684667	0.164333	0.705333
0.843	0.320333	0.393667
0.535333	0.836667	0.0953333
0.333667	0.284667	0.891
0.463333	0.340667	0.803333
0.956333	0.248	0.110667
0.628333	0.704333	0.318333
0.714	0.066	0.689333
0.665667	0.703667	0.199
0.0666667	0.929667	0.359333
0.407333	0.632	0.644667
0.219667	0.00966667	0.969333
0.435333	0.818	0.369667
0.348667	0.883	0.276667
0.665667	0.521	0.508
0.920333	0.23	0.313667
0.738667	0.609333	0.259333
0.506333	0.788333	0.315333
0.579667	0.807333	0.087
0.754667	0.627333	0.151667
0.509333	0.825667	0.236
0.271	0.931667	0.182667
0.318667	0.863	0.377333
0.553333	0.554333	0.600333
0.331667	0.473	0.800667
0.789667	0.335667	0.492333
0.623667	0.555333	0.543
0.626333	0.147333	0.760667
0.565	0.434667	0.678333
0.347	0.069	0.929333
0.809667	0.549	0.16
0.358333	0.908667	0.182
0.876	0.393667	0.268
0.155667	0.166	0.968333
0.502333	0.302	0.793333
0.665	0.462667	0.56
0.226	0.714333	0.647333
0.019	0.306	0.944667
0.113333	0.864	0.462
0.9	0.394333	0.156
0.301667	0.573333	0.749333
0.56	0.659667	0.49
0.289333	0.924	0.184667
0.277667	0.105	0.952333
0.154667	0.401	0.899667
0.432	0.22	0.869667
0.451667	0.646667	0.608333
0.517667	0.851333	0.00366667
0.044	0.494667	0.866
0.321	0.648333	0.681333
0.0573333	0.664667	0.739
0.445333	0.301	0.834667
0.609	0.581333	0.534
0.516667	0.617	0.587333
0.247667	0.952	0.173333
0.995	0.0446667	0.035
0.938	0.251667	0.232333
0.468667	0.275667	0.834
0.359333	0.763667	0.523667
0.649667	0.720333	0.242
0.8	0.460667	0.364333
0.640333	0.738667	0.169333
0.708333	0.698	0.046
0.768667	0.0323333	0.626333
0.658	0.657333	0.351667
0.914333	0.338667	0.159667
0.735333	0.634667	0.195667
0.474	0.612	0.628333
0.196	0.975667	0.098
0.336	0.334667	0.868667
0.484667	0.512	0.701333
0.018	0.713333	0.696667
0.445667	0.140333	0.876667
0.971667	0.0856667	0.191667
0.708333	0.449333	0.524333
0.649667	0.562667	0.475333
0.391667	0.719667	0.565
0.108	0.925333	0.355
0.697333	0.573	0.383333
0.366	0.818	0.442333
0.158333	0.904	0.379
0.952333	0.0223333	0.284333
0.642	0.403333	0.623667
0.878667	0.414	0.21
0.699	0.677333	0.183333
0.721	0.654333	0.222333
0.976	0.175667	0.0966667
0.211333	0.354333	0.905
0.429333	0.489	0.746667
0.396667	0.401333	0.82
0.695333	0.445333	0.526667
0.0596667	0.942667	0.316
0.255667	0.941	0.206
0.058	0.364	0.924667
0.517	0.829333	0.205333
0.686667	0.0123333	0.717667
0.789333	0.363667	0.481
0.491	0.248333	0.830667
0.388	0.645333	0.655
0.904667	0.0753333	0.412
0.565	0.133	0.807333
0.436	0.388667	0.803333
0.711667	0.330667	0.603667
0.317333	0.105333	0.935
0.330333	0.670667	0.649667
0.636	0.658333	0.399333
0.421333	0.569	0.687667
0.54	0.561	0.619333
0.340333	0.710667	0.604
0.657333	0.58	0.464333
0.923	0.066	0.356667
0.646	0.634667	0.407
0.48	0.872333	0.0573333
0.812333	0.507667	0.263333
0.587333	0.494667	0.639
0.859333	0.255667	0.423667
0.015	0.482667	0.875333
0.556	0.786	0.264
0.385333	0.893667	0.177667
0.388	0.878333	0.220333
0.407667	0.296	0.845667
0.682	0.216667	0.690333
0.479667	0.484	0.729333
0.903	0.152333	0.381
0.500333	0.544667	0.664
0.567	0.345667	0.740333
0.957	0.0923333	0.247
0.355667	0.571667	0.722333
0.413333	0.872333	0.253667
0.851	0.461333	0.219667
0.681333	0.139333	0.712667
0.545333	0.199	0.792333
0.103	0.217667	0.968333
0.812	0.265	0.517333
0.772667	0.438	0.445667
0.457	0.194333	0.856
0.421	0.888667	0.115667
0.324	0.672667	0.662667
0.3	0.162	0.933667
0.832667	0.365	0.409
0.764667	0.028	0.63
0.159667	0.913333	0.347333
0.936	0.260333	0.219333
0.0523333	0.489667	0.867333
0.329	0.741	0.572667
0.96	0.0486667	0.269333
0.962333	0.249	0.0873333
0.828333	0.492	0.260667
0.346	0.497333	0.788667
0.0213333	0.301667	0.950333
0.878667	0.307333	0.357
0.404	0.681	0.603
0.0313333	0.304667	0.944667
0.283	0.386333	0.866333
0.872333	0.217333	0.418667
0.199	0.154667	0.957333
0.753333	0.384333	0.526333
0.526667	0.741333	0.378667
0.240667	0.618	0.723
0.567333	0.239667	0.783333
0.629	0.777	0.00766667
0.494667	0.0526667	0.862333
0.788333	0.220667	0.55
0.0646667	0.992333	0.0873333
0.707333	0.0306667	0.697667
0.474333	0.734	0.473333
0.194333	0.587667	0.775667
0.881667	0.0783333	0.464
0.609667	0.767333	0.176667
0.515667	0.205333	0.824667
0.355667	0.228	0.896
0.281	0.864333	0.413333
0.504333	0.393333	0.763333
0.515667	0.733667	0.437
0.702333	0.611	0.350667
0.924333	0.223333	0.284667
0.464	0.297667	0.825667
0.18	0.854	0.454667
0.796333	0.383333	0.465333
0.439667	0.740667	0.503667
0.640333	0.0936667	0.742667
0.853333	0.436	0.245
0.793667	0.201333	0.553667
0.528667	0.819333	0.199333
0.426667	0.736	0.520667
0.262667	0.204667	0.932333
0.396	0.645	0.637667
0.279333	0.944333	0.151667
0.684667	0.106	0.715
0.581667	0.757667	0.266667
0.699	0.276	0.651
0.730333	0.492667	0.439667
0.127	0.0946667	0.984333
0.789667	0.0226667	0.611333
0.796333	0.270333	0.538667
0.500667	0.572333	0.632667
0.869	0.477667	0.0943333
0.65	0.371667	0.643333
0.103333	0.405667	0.900667
0.185333	0.311333	0.922667
0.0403333	0.975	0.207333
0.778	0.461667	0.401
0.501	0.657333	0.544667
0.486333	0.147333	0.854333
0.026	0.888	0.450333
0.912667	0.140333	0.357667
0.0703333	0.587333	0.801667
0.530333	0.805667	0.262
0.772333	0.192	0.598667
0.110667	0.467667	0.872667
0.0273333	0.710333	0.697
0.532	0.202333	0.821333
0.716667	0.371	0.583
0.448	0.877	0.150667
0.0113333	0.981667	0.188333
0.256333	0.939667	0.189333
0.676667	0.531333	0.487667
0.949	0.28	0.116333
0.614333	0.694	0.375
0.288	0.803667	0.492667
0.519333	0.218	0.815333
0.483333	0.590333	0.645667
0.905333	0.279667	0.280667
0.488333	0.766333	0.393667
0.247333	0.685333	0.680667
0.829	0.154333	0.526
0.0336667	0.767333	0.625333
0.438	0.357333	0.822
0.699333	0.699667	0.09
0.899333	0.401667	0.153333
0.139333	0.956	0.245333
0.981333	0.0423333	0.132333
0.590667	0.595	0.515667
0.840667	0.422333	0.324333
0.180333	0.746333	0.625
0.618333	0.0783333	0.775333
0.700333	0.337333	0.628333
0.726667	0.676667	0.101667
0.463667	0.512	0.715
0.41	0.905667	0.094
0.736667	0.552667	0.348333
0.534333	0.228333	0.800333
0.571333	0.383333	0.723333
0.683333	0.459	0.564
0.182	0.91	0.349333
0.736667	0.545667	0.359
0.784333	0.122333	0.587333
0.273333	0.795	0.508333
0.278	0.951	0.0776667
0.0763333	0.636667	0.756667
0.199	0.307667	0.926333
0.07	0.993667	0.011
0.812667	0.344667	0.466667
0.174	0.784333	0.580333
0.549333	0.512333	0.647333
0.649333	0.736667	0.057
0.176333	0.916333	0.342333
0.442667	0.591	0.647
0.086	0.906333	0.411667
0.733333	0.562667	0.364333
0.711333	0.430667	0.532333
0.514333	0.123667	0.845667
0.218333	0.747667	0.619667
0.818	0.556667	0.0973333
0.489333	0.264	0.831
0.106333	0.610667	0.772667
0.676667	0.594	0.428333
0.25	0.283667	0.919333
0.859667	0.146333	0.472
0.900333	0.305333	0.283
0.312667	0.616	0.707333
0.323	0.348667	0.861333
0.482333	0.598667	0.639
0.633333	0.721333	0.249667
0.155667	0.535667	0.829
0.903333	0.219667	0.363333
0.227667	0.242667	0.934
0.954	0.251667	0.112333
0.414	0.900333	0.069
0.340667	0.599667	0.711
0.0376667	0.938667	0.322667
0.472	0.819333	0.301333
0.163667	0.723333	0.643333
0.650667	0.456	0.600667
0.396	0.682333	0.597667
0.441667	0.479333	0.749
0.418333	0.889667	0.133333
0.199	0.928667	0.308667
0.149	0.598667	0.762333
0.668	0.121	0.722333
0.585333	0.656667	0.446667
0.555667	0.172667	0.811333
0.717667	0.461333	0.514
0.373333	0.749333	0.532667
0.153667	0.584667	0.779667
0.495	0.805	0.295333
0.817333	0.0673333	0.556
0.998333	0.00166667	0.0563333
0.0793333	0.280667	0.947
0.792333	0.567667	0.144
0.807	0.358333	0.465333
0.435667	0.756	0.465
0.843	0.521333	0.079
0.437	0.769333	0.438333
0.479667	0.693	0.512
0.584333	0.483333	0.643333
0.900333	0.178	0.388667
0.274333	0.95	0.131667
0.336	0.918	0.175333
0.928	0.279	0.229
0.693333	0.428333	0.558667
0.294	0.029	0.953
0.258667	0.0896667	0.959333
0.597	0.272667	0.734
0.0313333	0.908	0.399667
0.436667	0.702667	0.559667
0.250667	0.584667	0.751333
0.384667	0.357333	0.845
0.709333	0.676667	0.165667
0.179333	0.556333	0.798
0.561333	0.774	0.260333
0.0553333	0.39	0.916
0.769667	0.507	0.384
0.72	0.453333	0.524
0.78	0.120667	0.609667
0.224	0.328667	0.912667
0.865	0.451	0.134667
0.284667	0.842333	0.445333
0.416333	0.690667	0.574333
0.427333	0.758333	0.472667
0.049	0.456	0.879667
0.731667	0.677333	0.04
0.295333	0.901	0.293333
0.635667	0.761333	0.0173333
0.453667	0.504667	0.73
0.719667	0.629333	0.283667
0.672667	0.102667	0.729667
0.534	0.585	0.604
0.487333	0.793333	0.352
0.687333	0.661333	0.294
0.968	0.0783333	0.227667
0.180333	0.125333	0.972667
0.276667	0.847667	0.427667
0.957333	0.257667	0.078
0.702333	0.116333	0.693667
0.708667	0.506333	0.459667
0.854	0.446333	0.221667
0.415667	0.867333	0.230333
0.574	0.568	0.579667
0.762667	0.0983333	0.629
0.671333	0.445333	0.564333
0.195667	0.865667	0.446
0.183333	0.78	0.585667
0.319667	0.364333	0.859333
0.249333	0.869	0.420667
0.553	0.703	0.407667
0.839667	0.491	0.206
0.197333	0.639667	0.734333
0.403667	0.446667	0.782333
0.558	0.767	0.315
0.231667	0.702	0.666
0.081	0.864667	0.469333
0.0963333	0.707667	0.694
0.32	0.79	0.488333
0.583333	0.519333	0.586333
0.859333	0.309667	0.369667
0.141667	0.644333	0.733
0.681333	0.716667	0.0646667
0.338	0.931333	0.109333
0.76	0.543	0.346667
0.322333	0.614	0.715667
0.500667	0.351	0.776333
0.471333	0.864	0.12
0.602667	0.465667	0.632333
0.344333	0.405667	0.832
0.707667	0.519333	0.464
0.732333	0.546333	0.368333
0.466	0.167	0.867333
0.710667	0.428667	0.548
0.449667	0.414	0.769667
0.725	0.380667	0.55
0.735	0.362667	0.561333
0.278	0.788	0.527
0.113	0.907	0.400667
0.687	0.672667	0.270667
0.463	0.859	0.150333
0.336667	0.600333	0.709333
0.390667	0.637667	0.659667
0.446333	0.268333	0.837333
0.473	0.211667	0.836
0.748667	0.629	0.187667
0.583	0.785667	0.116
0.625333	0.619	0.465333
0.164	0.088	0.975667
0.569333	0.321667	0.734333
0.375333	0.512333	0.769667
0.842333	0.478667	0.239
0.00166667	0.561667	0.826
0.481667	0.561667	0.671333
0.217667	0.961667	0.127333
0.557667	0.678	0.472667
0.281667	0.624333	0.714
0.766333	0.624667	0.0983333
0.323333	0.643	0.680667
0.32	0.615333	0.711333
0.836	0.159667	0.510667
0.371	0.345	0.845667
0.126333	0.569667	0.803667
0.431	0.901667	0.0143333
0.206333	0.660333	0.716
0.492667	0.624	0.598333
0.757	0.586	0.247333
0.656333	0.711	0.185667
0.559	0.603667	0.561667
0.796333	0.337	0.486667
0.584667	0.796333	0.110667
0.577	0.765667	0.263667
0.447667	0.887667	0.00266667
0.957	0.164667	0.2
0.795	0.337333	0.485667
0.0863333	0.951	0.288
0.910333	0.382	0.0673333
0.728	0.680333	0.00733333
0.0196667	0.731	0.676
0.633667	0.538333	0.539333
0.722333	0.216	0.652667
0.789	0.36	0.481667
0.024	0.840667	0.525
0.669	0.384667	0.631
0.203	0.693	0.682333
0.640667	0.387	0.647333
0.199333	0.290667	0.923667
0.352	0.572333	0.731667
0.148667	0.637667	0.742667
0.161	0.0366667	0.983
0.507667	0.200333	0.832667
0.547667	0.496667	0.648333
0.195333	0.822667	0.500333
0.919667	0.038	0.384667
0.132333	0.0453333	0.982333
0.494667	0.151333	0.848333
0.537	0.467667	0.690333
0.465667	0.849333	0.154333
0.824	0.0103333	0.551667
0.929667	0.056	0.358333
0.963667	0.246	0.100333
0.763333	0.575667	0.269333
0.236	0.922333	0.265667
0.669667	0.163	0.721
0.757667	0.373667	0.518
0.0323333	0.586	0.807667
0.598333	0.779333	0.128667
0.137	0.640333	0.745333
0.721333	0.623667	0.289
0.256667	0.294	0.909
0.475	0.151	0.857
0.804	0.130333	0.563
0.640667	0.536333	0.541667
0.0226667	0.991	0.127667
0.263667	0.877	0.385
0.694667	0.706333	0.082
0.613	0.357333	0.702333
0.613333	0.594	0.507333
0.241667	0.581667	0.776
0.498	0.712	0.494333
0.243	0.271333	0.93
0.0836667	0.826333	0.553333
0.636	0.758	0.113333
0.271333	0.612	0.741667
0.593667	0.490333	0.623
0.821333	0.145667	0.544667
0.0556667	0.728	0.675
0.922333	0.151	0.342
0.765333	0.281667	0.575
0.166333	0.753333	0.632
0.833333	0.451333	0.275
0.746	0.655333	0.0366667
0.429667	0.88	0.195667
0.646	0.528667	0.527
0.751	0.451667	0.480667
0.504667	0.132667	0.851
0.140667	0.878333	0.441333
0.507333	0.671333	0.538667
0.471333	0.140667	0.865333
0.598667	0.675667	0.415333
0.481333	0.217333	0.834667
0.198333	0.608333	0.749667
0.558667	0.365	0.739333
0.813	0.239	0.522333
0.661667	0.718333	0.162667
0.258667	0.815667	0.502
0.165667	0.784667	0.575333
0.979333	0.075	0.141
0.991	0.105333	0.0446667
0.132333	0.851	0.490333
0.147333	0.939333	0.298667
0.364333	0.21	0.907
0.437	0.838	0.310333
0.632667	0.299667	0.713
0.700667	0.696	0.073
0.0756667	0.513667	0.853333
0.338333	0.594	0.713667
0.969	0.169333	0.174667
0.47	0.084	0.873333
0.397667	0.296667	0.852667
0.236333	0.827	0.497333
0.207	0.869	0.444333
0.625667	0.759	0.160333
0.275	0.808667	0.507333
0.823667	0.560667	0.0466667
0.726667	0.500667	0.451333
0.683	0.00666667	0.719333
0.794333	0.169	0.579333
0.29	0.734	0.606667
0.182667	0.385333	0.900333
0.426333	0.888	0.118667
0.666667	0.294	0.675
0.288667	0.742667	0.600667
0.3	0.571667	0.763667
0.261333	0.576667	0.744
0.793	0.367667	0.479333
0.745667	0.399667	0.514333
0.563	0.772	0.275333
0.127667	0.986	0.104667
0.506333	0.768667	0.348
0.746	0.171333	0.623
0.838667	0.428333	0.323
0.420667	0.770667	0.451667
0.752	0.607	0.217333
0.321667	0.301	0.891667
0.182	0.934667	0.282667
0.0223333	0.650667	0.757
0.580667	0.769	0.231333
0.868333	0.491	0.064
0.397	0.434	0.793333
0.757667	0.382667	0.504
0.564667	0.337	0.743
0.392667	0.214667	0.876667
0.471667	0.387333	0.79
0.824333	0.445	0.331667
0.936667	0.157667	0.301667
0.495	0.794667	0.328333
0.534333	0.178	0.818667
0.136333	0.619	0.754
0.159	0.914667	0.370333
0.591333	0.652	0.453333
0.198333	0.898333	0.374
0.825	0.391667	0.407333
0.0653333	0.356667	0.929
0.513	0.248	0.812333
0.828	0.296	0.456667
0.505	0.0493333	0.861
0.248333	0.585667	0.757333
0.512	0.447	0.729333
0.195	0.299333	0.933667
0.388	0.731	0.545667
0.808667	0.351	0.455333
0.0516667	0.636	0.761333
0.251	0.540333	0.797
0.924333	0.175	0.331667
0.724	0.142333	0.659667
0.557	0.0746667	0.814333
0.517333	0.225	0.812667
0.244333	0.487	0.834
0.824667	0.418	0.367667
0.672333	0.528333	0.494333
0.676667	0.706667	0.173667
0.113	0.0536667	0.988333
0.406333	0.69	0.576667
0.466333	0.737	0.452
0.329	0.873667	0.323333
0.191667	0.428	0.872333
0.565	0.610333	0.538333
0.416667	0.396333	0.798667
0.884	0.354333	0.277667
0.594333	0.721667	0.338
0.655	0.374667	0.639333
0.181	0.666	0.721667
0.591333	0.532333	0.579667
0.540333	0.748333	0.353
0.772333	0.540333	0.317667
0.201333	0.214667	0.949
0.937333	0.171333	0.267333
0.233333	0.536667	0.806
0.604667	0.539667	0.543333
0.547	0.554667	0.621
0.611	0.364	0.686333
0.914333	0.098	0.373
0.435	0.213	0.869667
0.043	0.925667	0.366667
0.229	0.894	0.367333
0.592	0.425667	0.681333
0.092	0.043	0.989
0.384	0.477333	0.778667
0.829	0.499	0.249333
0.929667	0.307	0.124
0.296	0.284	0.909667
0.009	0.0893333	0.991
0.917	0.296333	0.237667
0.890667	0.288667	0.315
0.295667	0.600667	0.740333
0.859	0.452333	0.210333
0.692	0.263667	0.657
0.527	0.587333	0.610667
0.877333	0.459667	0.109
0.56	0.805667	0.148
0.930333	0.290667	0.134
0.96	0.268	0.027
0.990333	0.039	0.116333
0.660333	0.544667	0.485333
0.783667	0.457333	0.396333
0.610333	0.748667	0.243
0.585	0.0776667	0.795
0.833333	0.413667	0.344667
0.732667	0.319	0.568667
0.577333	0.542	0.589667
0.453	0.053	0.888333
0.815333	0.319333	0.449333
0.328	0.856667	0.393333
0.885	0.00233333	0.457667
0.556	0.811333	0.141667
0.847	0.5	0.141333
0.567333	0.622667	0.533333
0.691333	0.497	0.518333
0.570667	0.553333	0.594667
0.512333	0.841	0.148333
0.290667	0.845333	0.443667
0.761667	0.356333	0.505333
0.118667	0.188	0.974333
0.346667	0.749667	0.558
0.0126667	0.487	0.872
0.966333	0.221	0.121
0.542333	0.7	0.438667
0.441667	0.824333	0.335667
0.697333	0.432333	0.527333
0.927	0.03	0.371333
0.759333	0.547333	0.331333
0.081	0.972333	0.198667
0.469	0.148	0.864667
0.267667	0.409333	0.855333
0.963333	0.249	0.0453333
0.586333	0.65	0.475333
0.424	0.562	0.689
0.379	0.768667	0.501
0.232333	0.149	0.948
0.929667	0.354333	0.0746667
0.681667	0.605333	0.383667
0.431	0.691667	0.57
0.309333	0.855333	0.408333
0.802667	0.347667	0.467
0.134667	0.156333	0.970667
0.806	0.342333	0.474667
0.968667	0.232667	0.0313333
0.542667	0.727	0.391667
0.554333	0.538333	0.613
0.606667	0.407667	0.664
0.387667	0.380333	0.824
0.683333	0.525667	0.499333
0.119667	0.904667	0.38
0.191333	0.708667	0.659667
0.753	0.484667	0.415333
0.395	0.201	0.876333
0.883333	0.360333	0.262667
0.271333	0.0756667	0.953333
0.321	0.0953333	0.933667
0.118	0.137	0.977667
0.510333	0.728333	0.454667
0.886667	0.433667	0.110667
0.256	0.868	0.416
0.541333	0.828667	0.128
0.905333	0.419	0.000666667
0.678	0.192	0.697333
0.526333	0.624333	0.561667
0.317667	0.664333	0.670667
0.659333	0.653667	0.353333
0.688	0.397667	0.600667
0.495333	0.794	0.309
0.176	0.818	0.529
0.777667	0.589333	0.166667
0.194	0.697333	0.688667
0.853	0.255333	0.441
0.778333	0.386667	0.47
0.108333	0.83	0.536333
0.0183333	0.183333	0.980333
0.402333	0.0383333	0.914
0.449333	0.827333	0.284333
0.501333	0.576	0.618333
0.607	0.665667	0.421
0.497667	0.240667	0.820333
0.445667	0.722667	0.515667
0.233	0.804667	0.545667
0.758333	0.622333	0.150667
0.644	0.341	0.681667
0.363333	0.598333	0.704
0.0873333	0.776667	0.623
0.959	0.208	0.154
0.459667	0.515	0.714667
0.572667	0.792	0.143333
0.702667	0.357333	0.605333
0.286333	0.827667	0.475667
0.802333	0.562333	0.157333
0.312667	0.753333	0.570667
0.921333	0.328667	0.202
0.232333	0.718667	0.625333
0.665667	0.228333	0.701667
0.641	0.493333	0.561667
0.715333	0.398333	0.569
0.837333	0.0626667	0.539
0.367333	0.917	0.0953333
0.822	0.394667	0.399667
0.833667	0.037	0.545
0.371333	0.692667	0.597667
0.07	0.983	0.149667
0.213333	0.105333	0.971
0.907	0.356333	0.194667
0.0613333	0.450333	0.885
0.533667	0.684667	0.49
0.822667	0.149667	0.537
0.670333	0.0223333	0.739667
