# seed.dat
#
# List of prime numbers employed as seeds for the random number generator
# Numbers must have less than or equal to 7 digits (float numbers)
#
# List retrieved from:
# http://www.bigprimes.net/archive/prime/1001/
# https://primes.utm.edu/lists/small/millions/
#
5
13
23
37
47
61
73
89
103
113
137
151
167
181
197
223
233
251
269
281
307
317
347
359
379
397
419
433
449
463
487
503
523
563
593
617
647
677
719
751
787
823
857
883
929
967
997
1031
1061
1093
1123
1171
1213
1237
1303
1409
1471
1543
1607
1669
1753
1847
1913
1999
2141
2309
2447
2647
2767
3019
3299
3457
3593
3881
4159
4481
4813
5167
5507
5849
6211
6563
6907
7253
7621
8009
8369
8731
9091
9433
9791
10163
10391
10639
10889
11131
11383
11633
11887
12107
12343
12547
12781
13003
13241
13487
13723
13963
14249
14503
14731
14939
15193
15391
15643
15877
16097
16369
16633
16901
17123
17387
17599
17881
18097
18311
18541
18869
19163
19421
19603
19889
20113
20353
20611
20887
21121
21379
21589
21839
22073
22303
22573
22811
23057
23311
23593
23819
24043
24251
24571
24877
25147
25391
25643
25913
26161
26399
26683
26891
27127
27449
27739
27947
28211
28499
28687
28933
29207
29443
29753
30059
30293
30559
30841
31091
31319
31601
31883
32159
32377
32609
32887
33113
33377
33613
33851
34157
34381
34649
34897
35159
35447
35759
36007
36277
36551
36781
37013
37309
37547
37813
38119
38371
38677
38921
39181
39419
39719
39971
40231
40531
40829
41081
41333
41603
41851
42073
42331
42557
42793
43051
43399
43661
43969
44201
44501
44741
44987
45307
45587
45853
46153
46447
46687
46993
47287
47527
47779
48049
48353
48611
48859
49123
49393
49663
49921
50147
50423
50753
51043
51329
51539
51803
52067
52361
52639
52919
53171
53441
53719
53993
54319
54541
54799
55103
54319
54541
54799
55103
55381
55673
55903
56179
56473
56711
56941
57191
57467
57737
58027
58237
58543
58889
59093
59359
59617
59887
60167
60497
60761
61043
61379
61631
61933
62189
62497
62773
63073
63367
63601
63809
64151
64453
64781
65063
65323
65581
65831
66103
66449
66721
66977
67231
67499
67763
68023
68371
68669
68917
69233
69493
69857
70139
70381
70657
70949
71209
71429
71713
71983
72229
72547
72823
73061
73417
73679
73973
74231
74521
74779
75079
75353
75619
75913
76207
76493
76781
77081
77351
77587
77839
78163
78479
78779
79063
79337
79621
79873
80173
80449
80713
80989
81223
81547
81799
82039
82339
82601
82891
83227
83471
83791
84127
84391
84659
84977
85237
85531
85829
86143
86371
86689
86993
87281
87553
87793
88079
88471
88801
89051
89317
89591
89849
90073
90373
90659
90977
91249
91529
91841
92173
92387
92669
92893
93179
93479
93787
94057
94349
94603
94903
95189
95441
95717
95971
96281
96581
96851
97169
97499
97813
98081
98411
98711
98947
99223
99529
99809
100109
104743
116461
128201
139907
151717
163847
176087
187973
200191
212383
224743
237217
249449
262147
274579
287137
300043
312589
324953
337543
350381
363271
376133
389173
401993
414991
427993
440731
453907
467237
479939
493133
506147
519229
532349
545749
559093
572321
585503
598691
611957
625199
638993
652447
665677
679279
692567
706033
719659
732943
746777
760273
773609
787217
800587
814309
827737
841541
855373
868783
882389
896047
909691
923599
937421
951193
965117
978973
993121
1006739
1020389
1034233
1048139
1062521
1076167
1090381
1103933
1117591
1131629
1145693
1159531
1173343
1187009
1200959
1215157
1229273
1243717
1257521
1271299
1285519
1299721
1313843
1327903
1342063
1356247
1370461
1384661
1398401
1412647
1427047
1441051
1455119
1469407
1483453
1497557
1511563
1525933
1540541
1554899
1569181
1583591
1726951
1870669
2015179
2160563
2307233
2454619
2601869
2750161
2898541
3047773
3196939
3346621
3497867
3648941
3800213
3951169
4103641
4256249
4410323
4562707
4716083
4869877
5023309
5178053
5332531
5487707
5644033
5800139
5955043
6111617
6268303
6424961
6581969
6738899
6895397
7052141
7210781
7368791
7528141
7685807
7844741
8003539
8163049
8322253
8482261
8640683
8799929
8960467
9121493
9281017
9442231
9602471
9763447
9925471
104395303
122949829
141650963
160481219
179424691
198491329
217645199
236887699
256203221
275604547
295075153
314606891
334214467
353868019
373587911
393342743
413158523
433024253
452930477
472882049
492876863
512927377
533000401
553105253
573259433
593441861
613651369
633910111
654188429
674506111
694847539
715225741
735632797
756065179
776531419
797003437
817504253
838041647
858599509
879190841
899809363
920419823
941083987
961748941
982451707
1003162837
1023893887
1044645419
1065433427
1086218501
1107029839
1127870683
1148739817
1169604841
1190494771
1211405387
1232332813
1253270833
1274224999
1295202523
1316196209
1337195527
1358208613
1379256029
1400305369
1421376533
1442469313
1463555011
1484670179
1505776963
1526922017
1548074371
1569250363
1590425983
1611623887
1824261419
2038074751
2252945257
2468776133
2685457433
2902958803
3121238921
3340200043
3559788191
3780008341
4000846303
4222234763
4444120799
4666527031
4889388761
5112733781
5336500541
5560695919
5785258357
6010236877
6235575967
6461335171
6687351871
6913774607
7140493429
7367575823
7594955561
7822624253
8050542701
8278737391
8507262083
8736028073
8965095101
9194418053
9423913267
9653704483
9883692059
10113958159
10344464293
10575209473
10806085481
11037271769
11268626021
11500205963
11731910797
11963902343
12196034791
12428375467
12660897869
12893587703
13126492889
13359555439
13592796697
27591407981
29999821931
32174176277
32416190071
